代码,简称,日期,收盘价(元),
300351.SZ,永贵电器,20120920,6.1947,
300351.SZ,永贵电器,20120921,5.6325,
300351.SZ,永贵电器,20120924,5.5833,
300351.SZ,永贵电器,20120925,5.4041,
300351.SZ,永贵电器,20120926,5.1421,
300351.SZ,永贵电器,20120927,5.1846,
300351.SZ,永贵电器,20120928,5.2518,
300351.SZ,永贵电器,20121008,5.16,
300351.SZ,永贵电器,20121009,5.3302,
300351.SZ,永贵电器,20121010,5.3347,
300351.SZ,永贵电器,20121011,5.3638,
300351.SZ,永贵电器,20121012,5.2518,
300351.SZ,永贵电器,20121015,5.1667,
300351.SZ,永贵电器,20121016,5.1689,
300351.SZ,永贵电器,20121017,5.2048,
300351.SZ,永贵电器,20121018,5.2518,
300351.SZ,永贵电器,20121019,5.2249,
300351.SZ,永贵电器,20121022,5.2182,
300351.SZ,永贵电器,20121023,5.2563,
300351.SZ,永贵电器,20121024,5.1913,
300351.SZ,永贵电器,20121025,5.1353,
300351.SZ,永贵电器,20121026,5.0077,
300351.SZ,永贵电器,20121029,5.0368,
300351.SZ,永贵电器,20121030,5.001,
300351.SZ,永贵电器,20121031,5.1689,
300351.SZ,永贵电器,20121101,5.4019,
300351.SZ,永贵电器,20121102,5.5765,
300351.SZ,永贵电器,20121105,5.4713,
300351.SZ,永贵电器,20121106,5.5541,
300351.SZ,永贵电器,20121107,5.3459,
300351.SZ,永贵电器,20121108,5.6437,
300351.SZ,永贵电器,20121109,5.6885,
300351.SZ,永贵电器,20121112,5.7355,
300351.SZ,永贵电器,20121113,5.6975,
300351.SZ,永贵电器,20121114,5.6572,
300351.SZ,永贵电器,20121115,5.5094,
300351.SZ,永贵电器,20121116,5.4937,
300351.SZ,永贵电器,20121119,5.6348,
300351.SZ,永贵电器,20121120,5.6661,
300351.SZ,永贵电器,20121121,5.7781,
300351.SZ,永贵电器,20121122,5.7288,
300351.SZ,永贵电器,20121123,5.6997,
300351.SZ,永贵电器,20121126,5.5026,
300351.SZ,永贵电器,20121127,5.2294,
300351.SZ,永贵电器,20121128,5.1555,
300351.SZ,永贵电器,20121129,4.9114,
300351.SZ,永贵电器,20121130,4.9741,
300351.SZ,永贵电器,20121203,4.8599,
300351.SZ,永贵电器,20121204,4.9696,
300351.SZ,永贵电器,20121205,5.2092,
300351.SZ,永贵电器,20121206,5.2316,
300351.SZ,永贵电器,20121207,5.2944,
300351.SZ,永贵电器,20121210,5.3705,
300351.SZ,永贵电器,20121211,5.3951,
300351.SZ,永贵电器,20121212,5.4802,
300351.SZ,永贵电器,20121213,5.3571,
300351.SZ,永贵电器,20121214,5.5922,
300351.SZ,永贵电器,20121217,5.5676,
300351.SZ,永贵电器,20121218,5.5094,
300351.SZ,永贵电器,20121219,5.4914,
300351.SZ,永贵电器,20121220,5.8117,
300351.SZ,永贵电器,20121221,6.0245,
300351.SZ,永贵电器,20121224,6.0872,
300351.SZ,永贵电器,20121225,6.394,
300351.SZ,永贵电器,20121226,6.4724,
300351.SZ,永贵电器,20121227,6.1566,
300351.SZ,永贵电器,20121228,6.1611,
300351.SZ,永贵电器,20121231,6.114,
300351.SZ,永贵电器,20130104,6.3111,
300351.SZ,永贵电器,20130107,6.3268,
300351.SZ,永贵电器,20130108,6.273,
300351.SZ,永贵电器,20130109,6.1297,
300351.SZ,永贵电器,20130110,6.1454,
300351.SZ,永贵电器,20130111,6.1835,
300351.SZ,永贵电器,20130114,6.394,
300351.SZ,永贵电器,20130115,6.4746,
300351.SZ,永贵电器,20130116,6.3716,
300351.SZ,永贵电器,20130117,6.2081,
300351.SZ,永贵电器,20130118,6.2484,
300351.SZ,永贵电器,20130121,6.1342,
300351.SZ,永贵电器,20130122,5.525,
300351.SZ,永贵电器,20130123,5.5967,
300351.SZ,永贵电器,20130124,5.4914,
300351.SZ,永贵电器,20130125,5.6101,
300351.SZ,永贵电器,20130128,5.7826,
300351.SZ,永贵电器,20130129,5.7759,
300351.SZ,永贵电器,20130130,5.6101,
300351.SZ,永贵电器,20130131,5.5989,
300351.SZ,永贵电器,20130201,5.628,
300351.SZ,永贵电器,20130204,5.5317,
300351.SZ,永贵电器,20130205,5.7311,
300351.SZ,永贵电器,20130206,5.6863,
300351.SZ,永贵电器,20130207,5.6773,
300351.SZ,永贵电器,20130208,5.7557,
300351.SZ,永贵电器,20130218,5.8229,
300351.SZ,永贵电器,20130219,5.7311,
300351.SZ,永贵电器,20130220,5.8229,
300351.SZ,永贵电器,20130221,5.8005,
300351.SZ,永贵电器,20130222,5.8117,
300351.SZ,永贵电器,20130225,5.9147,
300351.SZ,永贵电器,20130226,5.8341,
300351.SZ,永贵电器,20130227,5.6773,
300351.SZ,永贵电器,20130228,5.7557,
300351.SZ,永贵电器,20130301,5.7154,
300351.SZ,永贵电器,20130304,5.4646,
300351.SZ,永贵电器,20130305,5.5541,
300351.SZ,永贵电器,20130306,5.6863,
300351.SZ,永贵电器,20130307,5.684,
300351.SZ,永贵电器,20130308,5.5653,
300351.SZ,永贵电器,20130311,5.6146,
300351.SZ,永贵电器,20130312,5.4399,
300351.SZ,永贵电器,20130313,5.3593,
300351.SZ,永贵电器,20130314,5.3683,
300351.SZ,永贵电器,20130315,5.2361,
300351.SZ,永贵电器,20130318,5.1174,
300351.SZ,永贵电器,20130319,5.1577,
300351.SZ,永贵电器,20130320,5.3033,
300351.SZ,永贵电器,20130321,5.4041,
300351.SZ,永贵电器,20130322,5.3593,
300351.SZ,永贵电器,20130325,5.4422,
300351.SZ,永贵电器,20130326,5.3705,
300351.SZ,永贵电器,20130327,5.3526,
300351.SZ,永贵电器,20130328,5.1689,
300351.SZ,永贵电器,20130329,5.151,
300351.SZ,永贵电器,20130401,5.1913,
300351.SZ,永贵电器,20130402,5.1017,
300351.SZ,永贵电器,20130403,5.1891,
300351.SZ,永贵电器,20130408,5.1936,
300351.SZ,永贵电器,20130409,5.3907,
300351.SZ,永贵电器,20130410,5.3996,
300351.SZ,永贵电器,20130411,5.3615,
300351.SZ,永贵电器,20130412,5.2944,
300351.SZ,永贵电器,20130415,5.1936,
300351.SZ,永贵电器,20130416,5.2832,
300351.SZ,永贵电器,20130417,5.3526,
300351.SZ,永贵电器,20130418,5.4758,
300351.SZ,永贵电器,20130419,5.4758,
300351.SZ,永贵电器,20130422,5.5071,
300351.SZ,永贵电器,20130423,5.3459,
300351.SZ,永贵电器,20130424,5.4511,
300351.SZ,永贵电器,20130425,5.3302,
300351.SZ,永贵电器,20130426,5.3167,
300351.SZ,永贵电器,20130502,5.3996,
300351.SZ,永贵电器,20130503,5.5743,
300351.SZ,永贵电器,20130506,5.7512,
300351.SZ,永贵电器,20130507,5.7826,
300351.SZ,永贵电器,20130508,5.9976,
300351.SZ,永贵电器,20130509,6.0222,
300351.SZ,永贵电器,20130510,6.076,
300351.SZ,永贵电器,20130513,5.9752,
300351.SZ,永贵电器,20130514,5.9416,
300351.SZ,永贵电器,20130515,6.1924,
300351.SZ,永贵电器,20130516,6.0468,
300351.SZ,永贵电器,20130517,6.3761,
300351.SZ,永贵电器,20130520,6.45,
300351.SZ,永贵电器,20130521,6.3805,
300351.SZ,永贵电器,20130522,6.132,
300351.SZ,永贵电器,20130523,6.3178,
300351.SZ,永贵电器,20130524,6.4492,
300351.SZ,永贵电器,20130527,6.5657,
300351.SZ,永贵电器,20130528,6.4492,
300351.SZ,永贵电器,20130529,6.4104,
300351.SZ,永贵电器,20130530,6.4223,
300351.SZ,永贵电器,20130531,6.488,
300351.SZ,永贵电器,20130603,6.0849,
300351.SZ,永贵电器,20130604,5.8043,
300351.SZ,永贵电器,20130605,5.873,
300351.SZ,永贵电器,20130606,5.7476,
300351.SZ,永贵电器,20130607,5.7028,
300351.SZ,永贵电器,20130613,5.3475,
300351.SZ,永贵电器,20130614,5.4788,
300351.SZ,永贵电器,20130617,5.6908,
300351.SZ,永贵电器,20130618,5.6192,
300351.SZ,永贵电器,20130619,5.4878,
300351.SZ,永贵电器,20130620,5.3743,
300351.SZ,永贵电器,20130621,5.1773,
300351.SZ,永贵电器,20130624,4.828,
300351.SZ,永贵电器,20130625,4.8727,
300351.SZ,永贵电器,20130626,5.1206,
300351.SZ,永贵电器,20130627,4.9653,
300351.SZ,永贵电器,20130628,4.9504,
300351.SZ,永贵电器,20130701,5.0817,
300351.SZ,永贵电器,20130702,5.2549,
300351.SZ,永贵电器,20130703,5.1713,
300351.SZ,永贵电器,20130704,5.0668,
300351.SZ,永贵电器,20130705,4.9832,
300351.SZ,永贵电器,20130708,4.8787,
300351.SZ,永贵电器,20130709,4.9534,
300351.SZ,永贵电器,20130710,5.1504,
300351.SZ,永贵电器,20130711,5.2848,
300351.SZ,永贵电器,20130712,5.4699,
300351.SZ,永贵电器,20130715,5.6431,
300351.SZ,永贵电器,20130716,5.9148,
300351.SZ,永贵电器,20130717,5.9745,
300351.SZ,永贵电器,20130718,6.2551,
300351.SZ,永贵电器,20130719,6.0013,
300351.SZ,永贵电器,20130722,6.1596,
300351.SZ,永贵电器,20130723,6.706,
300351.SZ,永贵电器,20130724,7.0404,
300351.SZ,永贵电器,20130725,6.8672,
300351.SZ,永贵电器,20130726,6.8553,
300351.SZ,永贵电器,20130729,6.497,
300351.SZ,永贵电器,20130730,6.2701,
300351.SZ,永贵电器,20130731,6.3059,
300351.SZ,永贵电器,20130801,6.4432,
300351.SZ,永贵电器,20130802,6.2253,
300351.SZ,永贵电器,20130805,6.3596,
300351.SZ,永贵电器,20130806,6.4492,
300351.SZ,永贵电器,20130807,6.1745,
300351.SZ,永贵电器,20130808,6.0969,
300351.SZ,永贵电器,20130809,6.0551,
300351.SZ,永贵电器,20130812,6.1058,
300351.SZ,永贵电器,20130813,6.3447,
300351.SZ,永贵电器,20130814,6.3149,
300351.SZ,永贵电器,20130815,6.4522,
300351.SZ,永贵电器,20130816,6.2999,
300351.SZ,永贵电器,20130819,6.2432,
300351.SZ,永贵电器,20130820,6.494,
300351.SZ,永贵电器,20130821,6.6254,
300351.SZ,永贵电器,20130822,6.5477,
300351.SZ,永贵电器,20130823,6.4462,
300351.SZ,永贵电器,20130826,6.4731,
300351.SZ,永贵电器,20130827,6.3477,
300351.SZ,永贵电器,20130828,6.1417,
300351.SZ,永贵电器,20130829,6.0551,
300351.SZ,永贵电器,20130830,6.0103,
300351.SZ,永贵电器,20130902,6.1715,
300351.SZ,永贵电器,20130903,6.3596,
300351.SZ,永贵电器,20130904,6.3805,
300351.SZ,永贵电器,20130905,6.7149,
300351.SZ,永贵电器,20130906,6.7597,
300351.SZ,永贵电器,20130909,7.2076,
300351.SZ,永贵电器,20130910,7.548,
300351.SZ,永贵电器,20130911,7.1718,
300351.SZ,永贵电器,20130912,7.4196,
300351.SZ,永贵电器,20130913,8.163,
300351.SZ,永贵电器,20130916,7.9869,
300351.SZ,永贵电器,20130917,8.1212,
300351.SZ,永贵电器,20130918,8.3153,
300351.SZ,永贵电器,20130923,8.172,
300351.SZ,永贵电器,20130924,8.1451,
300351.SZ,永贵电器,20130925,8.1391,
300351.SZ,永贵电器,20130926,7.4912,
300351.SZ,永贵电器,20130927,7.5062,
300351.SZ,永贵电器,20130930,7.9092,
300351.SZ,永贵电器,20131008,7.8436,
300351.SZ,永贵电器,20131009,7.9481,
300351.SZ,永贵电器,20131010,7.8704,
300351.SZ,永贵电器,20131011,7.8824,
300351.SZ,永贵电器,20131014,8.5631,
300351.SZ,永贵电器,20131015,8.3899,
300351.SZ,永贵电器,20131016,8.4795,
300351.SZ,永贵电器,20131017,8.4049,
300351.SZ,永贵电器,20131018,8.6616,
300351.SZ,永贵电器,20131021,9.0617,
300351.SZ,永贵电器,20131022,9.7813,
300351.SZ,永贵电器,20131023,9.85,
300351.SZ,永贵电器,20131024,9.847,
300351.SZ,永贵电器,20131025,9.2528,
300351.SZ,永贵电器,20131028,8.6587,
300351.SZ,永贵电器,20131029,8.9274,
300351.SZ,永贵电器,20131030,9.8201,
300351.SZ,永贵电器,20131031,8.9841,
300351.SZ,永贵电器,20131101,9.3663,
300351.SZ,永贵电器,20131104,9.3663,
300351.SZ,永贵电器,20131105,9.7096,
300351.SZ,永贵电器,20131106,9.6141,
300351.SZ,永贵电器,20131107,9.3603,
300351.SZ,永贵电器,20131108,9.2558,
300351.SZ,永贵电器,20131111,10.1097,
300351.SZ,永贵电器,20131112,9.9425,
300351.SZ,永贵电器,20131113,9.7962,
300351.SZ,永贵电器,20131114,10.2023,
300351.SZ,永贵电器,20131115,10.2978,
300351.SZ,永贵电器,20131118,10.1426,
300351.SZ,永贵电器,20131119,10.2769,
300351.SZ,永贵电器,20131120,10.1366,
300351.SZ,永贵电器,20131121,9.5872,
300351.SZ,永贵电器,20131122,9.211,
300351.SZ,永贵电器,20131125,9.4499,
300351.SZ,永贵电器,20131126,9.7425,
300351.SZ,永贵电器,20131127,9.7037,
300351.SZ,永贵电器,20131128,9.435,
300351.SZ,永贵电器,20131129,9.3961,
300351.SZ,永贵电器,20131202,8.4556,
300351.SZ,永贵电器,20131203,8.0048,
300351.SZ,永贵电器,20131204,8.175,
300351.SZ,永贵电器,20131205,8.0496,
300351.SZ,永贵电器,20131206,7.9839,
300351.SZ,永贵电器,20131209,8.16,
300351.SZ,永贵电器,20131210,7.8436,
300351.SZ,永贵电器,20131211,7.7779,
300351.SZ,永贵电器,20131212,8.0436,
300351.SZ,永贵电器,20131213,8.0794,
300351.SZ,永贵电器,20131216,7.9212,
300351.SZ,永贵电器,20131217,7.7928,
300351.SZ,永贵电器,20131218,7.5778,
300351.SZ,永贵电器,20131219,7.6614,
300351.SZ,永贵电器,20131220,8.1929,
300351.SZ,永贵电器,20131223,8.384,
300351.SZ,永贵电器,20131224,8.4944,
300351.SZ,永贵电器,20131225,8.4556,
300351.SZ,永贵电器,20131226,8.7482,
300351.SZ,永贵电器,20131227,8.8169,
300351.SZ,永贵电器,20131230,8.5452,
300351.SZ,永贵电器,20131231,8.6587,
300351.SZ,永贵电器,20140102,8.6885,
300351.SZ,永贵电器,20140103,9.1244,
300351.SZ,永贵电器,20140106,8.9483,
300351.SZ,永贵电器,20140107,8.8886,
300351.SZ,永贵电器,20140108,9.0319,
300351.SZ,永贵电器,20140109,8.7034,
300351.SZ,永贵电器,20140110,8.4795,
300351.SZ,永贵电器,20140113,8.1839,
300351.SZ,永贵电器,20140114,8.7034,
300351.SZ,永贵电器,20140115,8.5751,
300351.SZ,永贵电器,20140116,8.8527,
300351.SZ,永贵电器,20140117,8.4586,
300351.SZ,永贵电器,20140120,8.1212,
300351.SZ,永贵电器,20140121,8.0794,
300351.SZ,永贵电器,20140122,8.3989,
300351.SZ,永贵电器,20140123,8.5333,
300351.SZ,永贵电器,20140124,8.5392,
300351.SZ,永贵电器,20140127,8.5333,
300351.SZ,永贵电器,20140128,9.3185,
300351.SZ,永贵电器,20140129,9.4499,
300351.SZ,永贵电器,20140130,9.5126,
300351.SZ,永贵电器,20140207,9.8828,
300351.SZ,永贵电器,20140210,10.1545,
300351.SZ,永贵电器,20140211,9.838,
300351.SZ,永贵电器,20140212,9.9097,
300351.SZ,永贵电器,20140213,9.417,
300351.SZ,永贵电器,20140214,9.644,
300351.SZ,永贵电器,20140217,9.5962,
300351.SZ,永贵电器,20140218,9.6858,
300351.SZ,永贵电器,20140219,9.6231,
300351.SZ,永贵电器,20140220,9.2469,
300351.SZ,永贵电器,20140221,9.2558,
300351.SZ,永贵电器,20140224,9.5156,
300351.SZ,永贵电器,20140225,8.5631,
300351.SZ,永贵电器,20140226,8.1989,
300351.SZ,永贵电器,20140227,7.8525,
300351.SZ,永贵电器,20140228,7.9928,
300351.SZ,永贵电器,20140303,8.3272,
300351.SZ,永贵电器,20140304,8.3153,
300351.SZ,永贵电器,20140305,8.387,
300351.SZ,永贵电器,20140306,8.2078,
300351.SZ,永贵电器,20140307,8.2198,
300351.SZ,永贵电器,20140310,7.9421,
300351.SZ,永贵电器,20140311,7.8495,
300351.SZ,永贵电器,20140312,8.0585,
300351.SZ,永贵电器,20140313,8.2705,
300351.SZ,永贵电器,20140314,8.2944,
300351.SZ,永贵电器,20140317,8.4825,
300351.SZ,永贵电器,20140318,8.7482,
300351.SZ,永贵电器,20140319,9.0707,
300351.SZ,永贵电器,20140320,8.8856,
300351.SZ,永贵电器,20140321,8.7154,
300351.SZ,永贵电器,20140324,8.7243,
300351.SZ,永贵电器,20140325,8.59,
300351.SZ,永贵电器,20140326,8.6796,
300351.SZ,永贵电器,20140327,8.5661,
300351.SZ,永贵电器,20140328,8.16,
300351.SZ,永贵电器,20140331,8.5094,
300351.SZ,永贵电器,20140401,9.0707,
300351.SZ,永贵电器,20140402,8.9692,
300351.SZ,永贵电器,20140403,9.1633,
300351.SZ,永贵电器,20140404,9.226,
300351.SZ,永贵电器,20140408,9.1364,
300351.SZ,永贵电器,20140409,9.0797,
300351.SZ,永贵电器,20140410,9.0767,
300351.SZ,永贵电器,20140411,8.8617,
300351.SZ,永贵电器,20140414,8.805,
300351.SZ,永贵电器,20140415,9.1931,
300351.SZ,永贵电器,20140416,9.1155,
300351.SZ,永贵电器,20140417,9.3364,
300351.SZ,永贵电器,20140418,9.1006,
300351.SZ,永贵电器,20140421,9.5006,
300351.SZ,永贵电器,20140422,9.5932,
300351.SZ,永贵电器,20140423,9.5932,
300351.SZ,永贵电器,20140424,9.7574,
300351.SZ,永贵电器,20140425,9.5842,
300351.SZ,永贵电器,20140428,9.2409,
300351.SZ,永贵电器,20140429,9.1006,
300351.SZ,永贵电器,20140430,9.1961,
300351.SZ,永贵电器,20140505,9.5693,
300351.SZ,永贵电器,20140506,9.5604,
300351.SZ,永贵电器,20140507,9.7186,
300351.SZ,永贵电器,20140508,9.7305,
300351.SZ,永贵电器,20140509,9.8022,
300351.SZ,永贵电器,20140512,9.8679,
300351.SZ,永贵电器,20140513,9.6141,
300351.SZ,永贵电器,20140514,9.7903,
300351.SZ,永贵电器,20140515,9.4081,
300351.SZ,永贵电器,20140516,9.2707,
300351.SZ,永贵电器,20140519,9.2558,
300351.SZ,永贵电器,20140520,9.5424,
300351.SZ,永贵电器,20140521,9.8082,
300351.SZ,永贵电器,20140522,10.1187,
300351.SZ,永贵电器,20140523,10.1515,
300351.SZ,永贵电器,20140526,10.1874,
300351.SZ,永贵电器,20140527,9.9801,
300351.SZ,永贵电器,20140528,10.4757,
300351.SZ,永贵电器,20140529,10.6469,
300351.SZ,永贵电器,20140530,10.6695,
300351.SZ,永贵电器,20140603,10.6019,
300351.SZ,永贵电器,20140604,10.3406,
300351.SZ,永贵电器,20140605,10.6244,
300351.SZ,永贵电器,20140606,10.3631,
300351.SZ,永贵电器,20140609,10.2234,
300351.SZ,永贵电器,20140610,10.5388,
300351.SZ,永贵电器,20140611,10.5884,
300351.SZ,永贵电器,20140612,10.6515,
300351.SZ,永贵电器,20140613,11.7148,
300351.SZ,永贵电器,20140616,11.841,
300351.SZ,永贵电器,20140617,11.476,
300351.SZ,永贵电器,20140618,11.494,
300351.SZ,永贵电器,20140619,11.084,
300351.SZ,永贵电器,20140620,11.3093,
300351.SZ,永贵电器,20140623,11.3093,
300351.SZ,永贵电器,20140624,11.3093,
300351.SZ,永贵电器,20140625,11.3093,
300351.SZ,永贵电器,20140626,11.3093,
300351.SZ,永贵电器,20140627,11.3093,
300351.SZ,永贵电器,20140630,11.3093,
300351.SZ,永贵电器,20140701,11.3093,
300351.SZ,永贵电器,20140702,11.3093,
300351.SZ,永贵电器,20140703,11.3093,
300351.SZ,永贵电器,20140704,11.3093,
300351.SZ,永贵电器,20140707,11.3093,
300351.SZ,永贵电器,20140708,11.3093,
300351.SZ,永贵电器,20140709,11.3093,
300351.SZ,永贵电器,20140710,11.3093,
300351.SZ,永贵电器,20140711,11.3093,
300351.SZ,永贵电器,20140714,11.3093,
300351.SZ,永贵电器,20140715,11.3093,
300351.SZ,永贵电器,20140716,11.3093,
300351.SZ,永贵电器,20140717,11.3093,
300351.SZ,永贵电器,20140718,11.3093,
300351.SZ,永贵电器,20140721,11.3093,
300351.SZ,永贵电器,20140722,11.3093,
300351.SZ,永贵电器,20140723,11.3093,
300351.SZ,永贵电器,20140724,11.3093,
300351.SZ,永贵电器,20140725,11.3093,
300351.SZ,永贵电器,20140728,11.3093,
300351.SZ,永贵电器,20140729,11.3093,
300351.SZ,永贵电器,20140730,11.3093,
300351.SZ,永贵电器,20140731,11.3093,
300351.SZ,永贵电器,20140801,11.3093,
300351.SZ,永贵电器,20140804,11.3093,
300351.SZ,永贵电器,20140805,11.3093,
300351.SZ,永贵电器,20140806,11.3093,
300351.SZ,永贵电器,20140807,12.4402,
300351.SZ,永贵电器,20140808,13.2332,
300351.SZ,永贵电器,20140811,13.427,
300351.SZ,永贵电器,20140812,13.3639,
300351.SZ,永贵电器,20140813,13.5982,
300351.SZ,永贵电器,20140814,13.7649,
300351.SZ,永贵电器,20140815,13.7424,
300351.SZ,永贵电器,20140818,13.8099,
300351.SZ,永贵电器,20140819,14.4002,
300351.SZ,永贵电器,20140820,14.292,
300351.SZ,永贵电器,20140821,14.3056,
300351.SZ,永贵电器,20140822,14.5894,
300351.SZ,永贵电器,20140825,15.5176,
300351.SZ,永贵电器,20140826,15.1662,
300351.SZ,永贵电器,20140827,15.2202,
300351.SZ,永贵电器,20140828,14.7787,
300351.SZ,永贵电器,20140829,14.6705,
300351.SZ,永贵电器,20140901,14.9364,
300351.SZ,永贵电器,20140902,15.4996,
300351.SZ,永贵电器,20140903,15.5491,
300351.SZ,永贵电器,20140904,15.6347,
300351.SZ,永贵电器,20140905,15.3824,
300351.SZ,永贵电器,20140909,15.2292,
300351.SZ,永贵电器,20140910,15.3779,
300351.SZ,永贵电器,20140911,15.4545,
300351.SZ,永贵电器,20140912,15.2923,
300351.SZ,永贵电器,20140915,15.6167,
300351.SZ,永贵电器,20140916,15.2698,
300351.SZ,永贵电器,20140917,15.4275,
300351.SZ,永贵电器,20140918,15.9952,
300351.SZ,永贵电器,20140919,16.216,
300351.SZ,永贵电器,20140922,16.3466,
300351.SZ,永贵电器,20140923,16.2385,
300351.SZ,永贵电器,20140924,15.9592,
300351.SZ,永贵电器,20140925,15.7204,
300351.SZ,永贵电器,20140926,15.7924,
300351.SZ,永贵电器,20140929,16.3827,
300351.SZ,永贵电器,20140930,16.0943,
300351.SZ,永贵电器,20141008,16.0042,
300351.SZ,永贵电器,20141009,15.8826,
300351.SZ,永贵电器,20141010,15.6393,
300351.SZ,永贵电器,20141013,16.0943,
300351.SZ,永贵电器,20141014,15.8826,
300351.SZ,永贵电器,20141015,16.0763,
300351.SZ,永贵电器,20141016,17.1802,
300351.SZ,永贵电器,20141017,16.9774,
300351.SZ,永贵电器,20141020,16.9865,
300351.SZ,永贵电器,20141021,16.599,
300351.SZ,永贵电器,20141022,16.8603,
300351.SZ,永贵电器,20141023,17.3244,
300351.SZ,永贵电器,20141024,18.2616,
300351.SZ,永贵电器,20141027,19.005,
300351.SZ,永贵电器,20141028,19.0275,
300351.SZ,永贵电器,20141029,20.4108,
300351.SZ,永贵电器,20141030,20.2801,
300351.SZ,永贵电器,20141031,19.2168,
300351.SZ,永贵电器,20141103,19.2078,
300351.SZ,永贵电器,20141104,18.9194,
300351.SZ,永贵电器,20141105,18.6355,
300351.SZ,永贵电器,20141106,19.0501,
300351.SZ,永贵电器,20141107,18.6175,
300351.SZ,永贵电器,20141110,18.3156,
300351.SZ,永贵电器,20141111,18.9014,
300351.SZ,永贵电器,20141112,19.8701,
300351.SZ,永贵电器,20141113,18.7437,
300351.SZ,永贵电器,20141114,18.2931,
300351.SZ,永贵电器,20141117,18.6445,
300351.SZ,永贵电器,20141118,18.7527,
300351.SZ,永贵电器,20141119,19.4421,
300351.SZ,永贵电器,20141120,19.798,
300351.SZ,永贵电器,20141121,20.2981,
300351.SZ,永贵电器,20141124,21.7355,
300351.SZ,永贵电器,20141125,21.2669,
300351.SZ,永贵电器,20141126,21.785,
300351.SZ,永贵电器,20141127,21.6408,
300351.SZ,永贵电器,20141128,21.2849,
300351.SZ,永贵电器,20141201,20.2486,
300351.SZ,永贵电器,20141202,20.591,
300351.SZ,永贵电器,20141203,20.7262,
300351.SZ,永贵电器,20141204,20.4378,
300351.SZ,永贵电器,20141205,18.6896,
300351.SZ,永贵电器,20141208,18.7887,
300351.SZ,永贵电器,20141209,16.9099,
300351.SZ,永贵电器,20141210,17.8651,
300351.SZ,永贵电器,20141211,18.1579,
300351.SZ,永贵电器,20141212,18.6941,
300351.SZ,永贵电器,20141215,18.9059,
300351.SZ,永贵电器,20141216,17.6353,
300351.SZ,永贵电器,20141217,17.2117,
300351.SZ,永贵电器,20141218,17.829,
300351.SZ,永贵电器,20141219,18.1624,
300351.SZ,永贵电器,20141222,16.7612,
300351.SZ,永贵电器,20141223,16.6125,
300351.SZ,永贵电器,20141224,17.4731,
300351.SZ,永贵电器,20141225,18.185,
300351.SZ,永贵电器,20141226,18.0678,
300351.SZ,永贵电器,20141229,17.5767,
300351.SZ,永贵电器,20141230,19.2979,
300351.SZ,永贵电器,20141231,18.3472,
300351.SZ,永贵电器,20150105,17.0856,
300351.SZ,永贵电器,20150106,17.2658,
300351.SZ,永贵电器,20150107,17.2748,
300351.SZ,永贵电器,20150108,16.8918,
300351.SZ,永贵电器,20150109,16.7882,
300351.SZ,永贵电器,20150112,16.617,
300351.SZ,永贵电器,20150113,17.1757,
300351.SZ,永贵电器,20150114,16.9189,
300351.SZ,永贵电器,20150115,17.1171,
300351.SZ,永贵电器,20150116,17.2658,
300351.SZ,永贵电器,20150119,16.9189,
300351.SZ,永贵电器,20150120,17.5992,
300351.SZ,永贵电器,20150121,17.8335,
300351.SZ,永贵电器,20150122,18.3607,
300351.SZ,永贵电器,20150123,20.199,
300351.SZ,永贵电器,20150126,19.9152,
300351.SZ,永贵电器,20150127,20.0729,
300351.SZ,永贵电器,20150128,19.5187,
300351.SZ,永贵电器,20150129,19.0906,
300351.SZ,永贵电器,20150130,18.6626,
300351.SZ,永贵电器,20150202,18.5725,
300351.SZ,永贵电器,20150203,18.7527,
300351.SZ,永贵电器,20150204,18.5634,
300351.SZ,永贵电器,20150205,18.4508,
300351.SZ,永贵电器,20150206,17.7524,
300351.SZ,永贵电器,20150209,17.2117,
300351.SZ,永贵电器,20150210,17.5497,
300351.SZ,永贵电器,20150211,17.8245,
300351.SZ,永贵电器,20150212,18.1219,
300351.SZ,永贵电器,20150213,18.2931,
300351.SZ,永贵电器,20150216,18.7842,
300351.SZ,永贵电器,20150217,18.5634,
300351.SZ,永贵电器,20150225,18.0002,
300351.SZ,永贵电器,20150226,18.1084,
300351.SZ,永贵电器,20150227,19.6448,
300351.SZ,永贵电器,20150302,19.7304,
300351.SZ,永贵电器,20150303,19.37,
300351.SZ,永贵电器,20150304,19.4916,
300351.SZ,永贵电器,20150305,20.3297,
300351.SZ,永贵电器,20150306,19.5592,
300351.SZ,永贵电器,20150309,20.6856,
300351.SZ,永贵电器,20150310,20.3207,
300351.SZ,永贵电器,20150311,20.2621,
300351.SZ,永贵电器,20150312,19.6493,
300351.SZ,永贵电器,20150313,19.6493,
300351.SZ,永贵电器,20150316,19.6493,
300351.SZ,永贵电器,20150317,19.6493,
300351.SZ,永贵电器,20150318,19.6493,
300351.SZ,永贵电器,20150319,19.6493,
300351.SZ,永贵电器,20150320,19.6493,
300351.SZ,永贵电器,20150323,21.6138,
300351.SZ,永贵电器,20150324,23.7765,
300351.SZ,永贵电器,20150325,24.7723,
300351.SZ,永贵电器,20150326,25.8897,
300351.SZ,永贵电器,20150327,25.5383,
300351.SZ,永贵电器,20150330,25.0156,
300351.SZ,永贵电器,20150331,25.9438,
300351.SZ,永贵电器,20150401,27.9353,
300351.SZ,永贵电器,20150402,30.7288,
300351.SZ,永贵电器,20150403,31.9363,
300351.SZ,永贵电器,20150407,35.1309,
300351.SZ,永贵电器,20150408,36.0455,
300351.SZ,永贵电器,20150409,39.655,
300351.SZ,永贵电器,20150410,37.8453,
300351.SZ,永贵电器,20150413,36.8609,
300351.SZ,永贵电器,20150414,36.851,
300351.SZ,永贵电器,20150415,34.7031,
300351.SZ,永贵电器,20150416,31.8096,
300351.SZ,永贵电器,20150417,31.1533,
300351.SZ,永贵电器,20150420,30.4672,
300351.SZ,永贵电器,20150421,31.6505,
300351.SZ,永贵电器,20150422,32.1675,
300351.SZ,永贵电器,20150423,31.6007,
300351.SZ,永贵电器,20150424,30.9544,
300351.SZ,永贵电器,20150427,30.9842,
300351.SZ,永贵电器,20150428,29.3435,
300351.SZ,永贵电器,20150429,29.8507,
300351.SZ,永贵电器,20150430,29.8109,
300351.SZ,永贵电器,20150504,32.1675,
300351.SZ,永贵电器,20150505,30.2484,
300351.SZ,永贵电器,20150506,29.7115,
300351.SZ,永贵电器,20150507,28.4387,
300351.SZ,永贵电器,20150508,29.6617,
300351.SZ,永贵电器,20150511,31.6107,
300351.SZ,永贵电器,20150512,31.6107,
300351.SZ,永贵电器,20150513,34.5242,
300351.SZ,永贵电器,20150514,33.4403,
300351.SZ,永贵电器,20150515,33.6093,
300351.SZ,永贵电器,20150518,34.6136,
300351.SZ,永贵电器,20150519,34.3551,
300351.SZ,永贵电器,20150520,35.1307,
300351.SZ,永贵电器,20150521,38.6408,
300351.SZ,永贵电器,20150522,38.6408,
300351.SZ,永贵电器,20150525,38.6408,
300351.SZ,永贵电器,20150526,38.6408,
300351.SZ,永贵电器,20150527,38.6408,
300351.SZ,永贵电器,20150528,41.7233,
300351.SZ,永贵电器,20150529,43.9308,
300351.SZ,永贵电器,20150601,45.124,
300351.SZ,永贵电器,20150602,49.6384,
300351.SZ,永贵电器,20150603,50.7919,
300351.SZ,永贵电器,20150604,52.7508,
300351.SZ,永贵电器,20150605,54.6003,
300351.SZ,永贵电器,20150608,49.6782,
300351.SZ,永贵电器,20150609,47.1823,
300351.SZ,永贵电器,20150610,50.2151,
300351.SZ,永贵电器,20150611,52.701,
300351.SZ,永贵电器,20150612,55.6841,
300351.SZ,永贵电器,20150615,55.6642,
300351.SZ,永贵电器,20150616,50.0958,
300351.SZ,永贵电器,20150617,52.4723,
300351.SZ,永贵电器,20150618,49.7876,
300351.SZ,永贵电器,20150619,45.2135,
300351.SZ,永贵电器,20150623,46.7349,
300351.SZ,永贵电器,20150624,46.7448,
300351.SZ,永贵电器,20150625,43.6027,
300351.SZ,永贵电器,20150626,39.2474,
300351.SZ,永贵电器,20150629,35.3196,
300351.SZ,永贵电器,20150630,38.1337,
300351.SZ,永贵电器,20150701,34.3253,
300351.SZ,永贵电器,20150702,30.8947,
300351.SZ,永贵电器,20150703,27.8421,
300351.SZ,永贵电器,20150706,26.8676,
300351.SZ,永贵电器,20150707,24.1828,
300351.SZ,永贵电器,20150708,21.7665,
300351.SZ,永贵电器,20150709,21.7665,
300351.SZ,永贵电器,20150710,21.7665,
300351.SZ,永贵电器,20150713,21.7665,
300351.SZ,永贵电器,20150714,23.9442,
300351.SZ,永贵电器,20150715,26.3406,
300351.SZ,永贵电器,20150716,27.504,
300351.SZ,永贵电器,20150717,30.2584,
300351.SZ,永贵电器,20150720,33.2812,
300351.SZ,永贵电器,20150721,32.9332,
300351.SZ,永贵电器,20150722,33.5099,
300351.SZ,永贵电器,20150723,34.5838,
300351.SZ,永贵电器,20150724,34.544,
300351.SZ,永贵电器,20150727,31.0936,
300351.SZ,永贵电器,20150728,27.9813,
300351.SZ,永贵电器,20150729,30.2981,
300351.SZ,永贵电器,20150730,28.3193,
300351.SZ,永贵电器,20150731,28.0906,
300351.SZ,永贵电器,20150803,26.3505,
300351.SZ,永贵电器,20150804,28.8961,
300351.SZ,永贵电器,20150805,28.4287,
300351.SZ,永贵电器,20150806,28.3392,
300351.SZ,永贵电器,20150807,29.4629,
300351.SZ,永贵电器,20150810,31.7598,
300351.SZ,永贵电器,20150811,31.7897,
300351.SZ,永贵电器,20150812,31.8493,
300351.SZ,永贵电器,20150813,32.7144,
300351.SZ,永贵电器,20150814,32.7343,
300351.SZ,永贵电器,20150817,32.2272,
300351.SZ,永贵电器,20150818,29.0154,
300351.SZ,永贵电器,20150819,30.3478,
300351.SZ,永贵电器,20150820,29.5623,
300351.SZ,永贵电器,20150821,26.8576,
300351.SZ,永贵电器,20150824,24.1729,
300351.SZ,永贵电器,20150825,21.7566,
300351.SZ,永贵电器,20150826,19.5789,
300351.SZ,永贵电器,20150827,20.9114,
300351.SZ,永贵电器,20150828,22.9995,
300351.SZ,永贵电器,20150831,23.1189,
300351.SZ,永贵电器,20150901,20.8119,
300351.SZ,永贵电器,20150902,18.7437,
300351.SZ,永贵电器,20150907,19.2011,
300351.SZ,永贵电器,20150908,20.8815,
300351.SZ,永贵电器,20150909,22.5222,
300351.SZ,永贵电器,20150910,22.8007,
300351.SZ,永贵电器,20150911,22.7012,
300351.SZ,永贵电器,20150914,20.4341,
300351.SZ,永贵电器,20150915,18.3956,
300351.SZ,永贵电器,20150916,19.9966,
300351.SZ,永贵电器,20150917,21.9952,
300351.SZ,永贵电器,20150918,23.5763,
300351.SZ,永贵电器,20150921,23.7652,
300351.SZ,永贵电器,20150922,23.3774,
300351.SZ,永贵电器,20150923,22.4725,
300351.SZ,永贵电器,20150924,23.7552,
300351.SZ,永贵电器,20150925,21.856,
300351.SZ,永贵电器,20150928,22.7112,
300351.SZ,永贵电器,20150929,21.9853,
300351.SZ,永贵电器,20150930,22.6117,
300351.SZ,永贵电器,20151008,24.511,
300351.SZ,永贵电器,20151009,25.565,
300351.SZ,永贵电器,20151012,28.1205,
300351.SZ,永贵电器,20151013,27.7426,
300351.SZ,永贵电器,20151014,28.4685,
300351.SZ,永贵电器,20151015,29.6717,
300351.SZ,永贵电器,20151016,31.1234,
300351.SZ,永贵电器,20151019,31.1234,
300351.SZ,永贵电器,20151020,31.1234,
300351.SZ,永贵电器,20151021,31.1234,
300351.SZ,永贵电器,20151022,31.1234,
300351.SZ,永贵电器,20151023,31.1234,
300351.SZ,永贵电器,20151026,31.1234,
300351.SZ,永贵电器,20151027,31.1234,
300351.SZ,永贵电器,20151028,31.1234,
300351.SZ,永贵电器,20151029,31.1234,
300351.SZ,永贵电器,20151030,31.1234,
300351.SZ,永贵电器,20151102,31.1234,
300351.SZ,永贵电器,20151103,31.1234,
300351.SZ,永贵电器,20151104,31.1234,
300351.SZ,永贵电器,20151105,31.1234,
300351.SZ,永贵电器,20151106,31.1234,
300351.SZ,永贵电器,20151109,31.1234,
300351.SZ,永贵电器,20151110,31.1234,
300351.SZ,永贵电器,20151111,31.1234,
300351.SZ,永贵电器,20151112,31.1234,
300351.SZ,永贵电器,20151113,31.1234,
300351.SZ,永贵电器,20151116,31.1234,
300351.SZ,永贵电器,20151117,31.1234,
300351.SZ,永贵电器,20151118,31.1234,
300351.SZ,永贵电器,20151119,31.1234,
300351.SZ,永贵电器,20151120,31.1234,
300351.SZ,永贵电器,20151123,31.1234,
300351.SZ,永贵电器,20151124,31.1234,
300351.SZ,永贵电器,20151125,31.1234,
300351.SZ,永贵电器,20151126,31.1234,
300351.SZ,永贵电器,20151127,31.1234,
300351.SZ,永贵电器,20151130,31.1234,
300351.SZ,永贵电器,20151201,31.1234,
300351.SZ,永贵电器,20151202,31.1234,
300351.SZ,永贵电器,20151203,31.1234,
300351.SZ,永贵电器,20151204,31.1234,
300351.SZ,永贵电器,20151207,31.1234,
300351.SZ,永贵电器,20151208,31.1234,
300351.SZ,永贵电器,20151209,31.1234,
300351.SZ,永贵电器,20151210,31.1234,
300351.SZ,永贵电器,20151211,31.1234,
300351.SZ,永贵电器,20151214,31.1234,
300351.SZ,永贵电器,20151215,31.1234,
300351.SZ,永贵电器,20151216,31.1234,
300351.SZ,永贵电器,20151217,31.1234,
300351.SZ,永贵电器,20151218,31.1234,
300351.SZ,永贵电器,20151221,31.1234,
300351.SZ,永贵电器,20151222,31.1234,
300351.SZ,永贵电器,20151223,31.1234,
300351.SZ,永贵电器,20151224,31.1234,
300351.SZ,永贵电器,20151225,31.1234,
300351.SZ,永贵电器,20151228,31.1234,
300351.SZ,永贵电器,20151229,31.1234,
300351.SZ,永贵电器,20151230,31.1234,
300351.SZ,永贵电器,20151231,31.1234,
300351.SZ,永贵电器,20160104,31.1234,
300351.SZ,永贵电器,20160105,31.1234,
300351.SZ,永贵电器,20160106,31.1234,
300351.SZ,永贵电器,20160107,31.1234,
300351.SZ,永贵电器,20160108,31.1234,
300351.SZ,永贵电器,20160111,31.1234,
300351.SZ,永贵电器,20160112,31.1234,
300351.SZ,永贵电器,20160113,31.1234,
300351.SZ,永贵电器,20160114,31.1234,
300351.SZ,永贵电器,20160115,31.1234,
300351.SZ,永贵电器,20160118,31.1234,
300351.SZ,永贵电器,20160119,31.1234,
300351.SZ,永贵电器,20160120,31.1234,
300351.SZ,永贵电器,20160121,31.1234,
300351.SZ,永贵电器,20160122,31.1234,
300351.SZ,永贵电器,20160125,31.1234,
300351.SZ,永贵电器,20160126,31.1234,
300351.SZ,永贵电器,20160127,31.1234,
300351.SZ,永贵电器,20160128,31.1234,
300351.SZ,永贵电器,20160129,31.1234,
300351.SZ,永贵电器,20160201,31.1234,
300351.SZ,永贵电器,20160202,31.1234,
300351.SZ,永贵电器,20160203,31.1234,
300351.SZ,永贵电器,20160204,31.1234,
300351.SZ,永贵电器,20160205,31.1234,
300351.SZ,永贵电器,20160215,31.1234,
300351.SZ,永贵电器,20160216,31.1234,
300351.SZ,永贵电器,20160217,31.1234,
300351.SZ,永贵电器,20160218,28.0111,
300351.SZ,永贵电器,20160219,28.9458,
300351.SZ,永贵电器,20160222,28.0708,
300351.SZ,永贵电器,20160223,26.9173,
300351.SZ,永贵电器,20160224,26.3505,
300351.SZ,永贵电器,20160225,23.7155,
300351.SZ,永贵电器,20160226,22.9399,
300351.SZ,永贵电器,20160229,20.6429,
300351.SZ,永贵电器,20160301,19.6088,
300351.SZ,永贵电器,20160302,20.623,
300351.SZ,永贵电器,20160303,20.1855,
300351.SZ,永贵电器,20160304,18.1769,
300351.SZ,永贵电器,20160307,19.0917,
300351.SZ,永贵电器,20160308,19.39,
300351.SZ,永贵电器,20160309,19.2707,
300351.SZ,永贵电器,20160310,18.8232,
300351.SZ,永贵电器,20160311,18.9227,
300351.SZ,永贵电器,20160314,20.5733,
300351.SZ,永贵电器,20160315,20.8617,
300351.SZ,永贵电器,20160316,20.4739,
300351.SZ,永贵电器,20160317,21.3887,
300351.SZ,永贵电器,20160318,22.3234,
300351.SZ,永贵电器,20160321,24.4016,
300351.SZ,永贵电器,20160322,24.9584,
300351.SZ,永贵电器,20160323,24.859,
300351.SZ,永贵电器,20160324,24.859,
300351.SZ,永贵电器,20160325,24.859,
300351.SZ,永贵电器,20160328,24.859,
300351.SZ,永贵电器,20160329,24.859,
300351.SZ,永贵电器,20160330,24.859,
300351.SZ,永贵电器,20160331,25.1082,
300351.SZ,永贵电器,20160401,24.4005,
300351.SZ,永贵电器,20160405,25.3075,
300351.SZ,永贵电器,20160406,25.6664,
300351.SZ,永贵电器,20160407,24.4304,
300351.SZ,永贵电器,20160408,23.7227,
300351.SZ,永贵电器,20160411,24.3905,
300351.SZ,永贵电器,20160412,24.1214,
300351.SZ,永贵电器,20160413,25.0583,
300351.SZ,永贵电器,20160414,25.7162,
300351.SZ,永贵电器,20160415,25.5866,
300351.SZ,永贵电器,20160418,25.0683,
300351.SZ,永贵电器,20160419,26.2345,
300351.SZ,永贵电器,20160420,25.8159,
300351.SZ,永贵电器,20160421,24.9985,
300351.SZ,永贵电器,20160422,25.457,
300351.SZ,永贵电器,20160425,23.1944,
300351.SZ,永贵电器,20160426,23.0449,
300351.SZ,永贵电器,20160427,23.8622,
300351.SZ,永贵电器,20160428,23.7825,
300351.SZ,永贵电器,20160429,24.1513,
300351.SZ,永贵电器,20160503,26.5634,
300351.SZ,永贵电器,20160504,28.5071,
300351.SZ,永贵电器,20160505,29.2347,
300351.SZ,永贵电器,20160506,29.0752,
300351.SZ,永贵电器,20160509,29.0553,
300351.SZ,永贵电器,20160510,27.909,
300351.SZ,永贵电器,20160511,30.6999,
300351.SZ,永贵电器,20160512,29.9424,
300351.SZ,永贵电器,20160513,30.8993,
300351.SZ,永贵电器,20160516,31.2781,
300351.SZ,永贵电器,20160517,31.3977,
300351.SZ,永贵电器,20160518,30.8794,
300351.SZ,永贵电器,20160519,30.6202,
300351.SZ,永贵电器,20160520,30.6601,
300351.SZ,永贵电器,20160523,29.753,
300351.SZ,永贵电器,20160524,27.8991,
300351.SZ,永贵电器,20160525,27.0917,
300351.SZ,永贵电器,20160526,27.4306,
300351.SZ,永贵电器,20160527,27.5901,
300351.SZ,永贵电器,20160530,27.909,
300351.SZ,永贵电器,20160531,28.6965,
300351.SZ,永贵电器,20160601,29.4839,
300351.SZ,永贵电器,20160602,28.8859,
300351.SZ,永贵电器,20160603,27.3808,
300351.SZ,永贵电器,20160606,30.1218,
300351.SZ,永贵电器,20160607,29.9823,
300351.SZ,永贵电器,20160608,30.5006,
300351.SZ,永贵电器,20160613,27.8094,
300351.SZ,永贵电器,20160614,27.1515,
300351.SZ,永贵电器,20160615,28.3775,
300351.SZ,永贵电器,20160616,29.464,
300351.SZ,永贵电器,20160617,30.0521,
300351.SZ,永贵电器,20160620,30.0521,
300351.SZ,永贵电器,20160621,30.8993,
300351.SZ,永贵电器,20160622,30.6999,
300351.SZ,永贵电器,20160623,29.6633,
300351.SZ,永贵电器,20160624,31.0687,
300351.SZ,永贵电器,20160627,32.9725,
300351.SZ,永贵电器,20160628,33.8198,
300351.SZ,永贵电器,20160629,33.8198,
300351.SZ,永贵电器,20160630,33.8198,
300351.SZ,永贵电器,20160701,33.8198,
300351.SZ,永贵电器,20160704,32.5938,
300351.SZ,永贵电器,20160705,32.7234,
300351.SZ,永贵电器,20160706,32.0655,
300351.SZ,永贵电器,20160707,31.5372,
300351.SZ,永贵电器,20160708,31.8462,
300351.SZ,永贵电器,20160711,30.5205,
300351.SZ,永贵电器,20160712,30.6999,
300351.SZ,永贵电器,20160713,31.8462,
300351.SZ,永贵电器,20160714,31.4475,
300351.SZ,永贵电器,20160715,30.2813,
300351.SZ,永贵电器,20160718,29.8029,
300351.SZ,永贵电器,20160719,30.8993,
300351.SZ,永贵电器,20160720,30.391,
300351.SZ,永贵电器,20160721,30.5903,
300351.SZ,永贵电器,20160722,30.6302,
300351.SZ,永贵电器,20160725,31.2083,
300351.SZ,永贵电器,20160726,31.4973,
300351.SZ,永贵电器,20160727,32.1452,
300351.SZ,永贵电器,20160728,29.9923,
300351.SZ,永贵电器,20160729,28.2878,
300351.SZ,永贵电器,20160801,28.0586,
300351.SZ,永贵电器,20160802,28.2878,
300351.SZ,永贵电器,20160803,28.0187,
300351.SZ,永贵电器,20160804,28.2978,
300351.SZ,永贵电器,20160805,27.9987,
300351.SZ,永贵电器,20160808,28.3875,
300351.SZ,永贵电器,20160809,29.3145,
300351.SZ,永贵电器,20160810,29.3344,
300351.SZ,永贵电器,20160811,28.2878,
300351.SZ,永贵电器,20160812,28.2679,
300351.SZ,永贵电器,20160815,28.6765,
300351.SZ,永贵电器,20160816,28.7363,
300351.SZ,永贵电器,20160817,28.228,
300351.SZ,永贵电器,20160818,28.1084,
300351.SZ,永贵电器,20160819,28.6965,
300351.SZ,永贵电器,20160822,28.527,
300351.SZ,永贵电器,20160823,28.2978,
300351.SZ,永贵电器,20160824,28.1084,
300351.SZ,永贵电器,20160825,28.1084,
300351.SZ,永贵电器,20160826,27.8592,
300351.SZ,永贵电器,20160829,27.6399,
300351.SZ,永贵电器,20160830,27.4107,
300351.SZ,永贵电器,20160831,27.62,
300351.SZ,永贵电器,20160901,27.3509,
300351.SZ,永贵电器,20160902,27.0718,
300351.SZ,永贵电器,20160905,26.8824,
300351.SZ,永贵电器,20160906,27.2113,
300351.SZ,永贵电器,20160907,27.4007,
300351.SZ,永贵电器,20160908,27.6399,
300351.SZ,永贵电器,20160909,28.7363,
300351.SZ,永贵电器,20160912,27.7595,
300351.SZ,永贵电器,20160913,27.2811,
300351.SZ,永贵电器,20160914,26.8625,
300351.SZ,永贵电器,20160919,27.012,
300351.SZ,永贵电器,20160920,26.4937,
300351.SZ,永贵电器,20160921,26.5036,
300351.SZ,永贵电器,20160922,26.992,
300351.SZ,永贵电器,20160923,26.5236,
300351.SZ,永贵电器,20160926,26.2245,
300351.SZ,永贵电器,20160927,26.1149,
300351.SZ,永贵电器,20160928,25.8059,
300351.SZ,永贵电器,20160929,25.7162,
300351.SZ,永贵电器,20160930,25.6963,
300351.SZ,永贵电器,20161010,26.9621,
300351.SZ,永贵电器,20161011,26.8824,
300351.SZ,永贵电器,20161012,26.8126,
300351.SZ,永贵电器,20161013,27.0419,
300351.SZ,永贵电器,20161014,27.6,
300351.SZ,永贵电器,20161017,27.3409,
300351.SZ,永贵电器,20161018,28.1084,
300351.SZ,永贵电器,20161019,28.0586,
300351.SZ,永贵电器,20161020,28.0586,
300351.SZ,永贵电器,20161021,28.1383,
300351.SZ,永贵电器,20161024,28.4373,
300351.SZ,永贵电器,20161025,28.3376,
300351.SZ,永贵电器,20161026,27.6599,
300351.SZ,永贵电器,20161027,27.7595,
300351.SZ,永贵电器,20161028,27.5901,
300351.SZ,永贵电器,20161031,27.7595,
300351.SZ,永贵电器,20161101,27.7994,
300351.SZ,永贵电器,20161102,27.4306,
300351.SZ,永贵电器,20161103,27.6599,
300351.SZ,永贵电器,20161104,27.321,
300351.SZ,永贵电器,20161107,27.8791,
300351.SZ,永贵电器,20161108,27.7496,
300351.SZ,永贵电器,20161109,27.3708,
300351.SZ,永贵电器,20161110,27.7097,
300351.SZ,永贵电器,20161111,28.1383,
300351.SZ,永贵电器,20161114,28.3576,
300351.SZ,永贵电器,20161115,28.6068,
300351.SZ,永贵电器,20161116,28.1682,
300351.SZ,永贵电器,20161117,27.8891,
300351.SZ,永贵电器,20161118,27.9688,
300351.SZ,永贵电器,20161121,28.3376,
300351.SZ,永贵电器,20161122,28.7363,
300351.SZ,永贵电器,20161123,28.6068,
300351.SZ,永贵电器,20161124,28.1184,
300351.SZ,永贵电器,20161125,27.6698,
300351.SZ,永贵电器,20161128,28.2778,
300351.SZ,永贵电器,20161129,27.9788,
300351.SZ,永贵电器,20161130,27.8592,
300351.SZ,永贵电器,20161201,27.6798,
300351.SZ,永贵电器,20161202,26.8525,
300351.SZ,永贵电器,20161205,26.992,
300351.SZ,永贵电器,20161206,26.7628,
300351.SZ,永贵电器,20161207,27.1814,
300351.SZ,永贵电器,20161208,26.7329,
300351.SZ,永贵电器,20161209,26.8326,
300351.SZ,永贵电器,20161212,25.6464,
300351.SZ,永贵电器,20161213,25.8757,
300351.SZ,永贵电器,20161214,25.7162,
300351.SZ,永贵电器,20161215,25.776,
300351.SZ,永贵电器,20161216,25.9454,
300351.SZ,永贵电器,20161219,25.8159,
300351.SZ,永贵电器,20161220,25.5866,
300351.SZ,永贵电器,20161221,25.6863,
300351.SZ,永贵电器,20161222,25.5966,
300351.SZ,永贵电器,20161223,25.3673,
300351.SZ,永贵电器,20161226,25.2976,
300351.SZ,永贵电器,20161227,25.4072,
300351.SZ,永贵电器,20161228,25.2178,
300351.SZ,永贵电器,20161229,25.1082,
300351.SZ,永贵电器,20161230,25.5866,
300351.SZ,永贵电器,20170103,25.3873,
300351.SZ,永贵电器,20170104,25.8757,
300351.SZ,永贵电器,20170105,25.7361,
300351.SZ,永贵电器,20170106,25.9753,
300351.SZ,永贵电器,20170109,25.9753,
300351.SZ,永贵电器,20170110,25.9355,
300351.SZ,永贵电器,20170111,25.6763,
300351.SZ,永贵电器,20170112,25.4172,
300351.SZ,永贵电器,20170113,24.8989,
300351.SZ,永贵电器,20170116,23.8224,
300351.SZ,永贵电器,20170117,24.0815,
300351.SZ,永贵电器,20170118,23.5134,
300351.SZ,永贵电器,20170119,23.025,
300351.SZ,永贵电器,20170120,23.0848,
300351.SZ,永贵电器,20170123,23.4137,
300351.SZ,永贵电器,20170124,23.1944,
300351.SZ,永贵电器,20170125,23.314,
300351.SZ,永贵电器,20170126,23.4934,
300351.SZ,永贵电器,20170203,23.5034,
300351.SZ,永贵电器,20170206,23.623,
300351.SZ,永贵电器,20170207,23.4934,
300351.SZ,永贵电器,20170208,23.5233,
300351.SZ,永贵电器,20170209,23.7725,
300351.SZ,永贵电器,20170210,23.7127,
300351.SZ,永贵电器,20170213,23.8822,
300351.SZ,永贵电器,20170214,23.8124,
300351.SZ,永贵电器,20170215,23.6828,
300351.SZ,永贵电器,20170216,23.6429,
300351.SZ,永贵电器,20170217,23.2642,
300351.SZ,永贵电器,20170220,23.2343,
300351.SZ,永贵电器,20170221,23.7426,
300351.SZ,永贵电器,20170222,23.8921,
300351.SZ,永贵电器,20170223,23.9121,
300351.SZ,永贵电器,20170224,24.0317,
300351.SZ,永贵电器,20170227,24.0317,
300351.SZ,永贵电器,20170228,24.0317,
300351.SZ,永贵电器,20170301,23.8921,
300351.SZ,永贵电器,20170302,23.5931,
300351.SZ,永贵电器,20170303,23.8224,
300351.SZ,永贵电器,20170306,24.2111,
300351.SZ,永贵电器,20170307,24.2211,
300351.SZ,永贵电器,20170308,24.0217,
300351.SZ,永贵电器,20170309,23.942,
300351.SZ,永贵电器,20170310,23.9519,
300351.SZ,永贵电器,20170313,23.9619,
300351.SZ,永贵电器,20170314,24.0018,
300351.SZ,永贵电器,20170315,23.8822,
300351.SZ,永贵电器,20170316,24.1712,
300351.SZ,永贵电器,20170317,24.4902,
300351.SZ,永贵电器,20170320,24.8689,
300351.SZ,永贵电器,20170321,24.7394,
300351.SZ,永贵电器,20170322,24.6098,
300351.SZ,永贵电器,20170323,24.5998,
300351.SZ,永贵电器,20170324,25.3673,
300351.SZ,永贵电器,20170327,25.0683,
300351.SZ,永贵电器,20170328,25.1181,
300351.SZ,永贵电器,20170329,24.7194,
300351.SZ,永贵电器,20170330,24.0516,
300351.SZ,永贵电器,20170331,24.1712,
300351.SZ,永贵电器,20170405,24.6895,
300351.SZ,永贵电器,20170406,25.8059,
300351.SZ,永贵电器,20170407,25.4072,
300351.SZ,永贵电器,20170410,25.3075,
300351.SZ,永贵电器,20170411,24.9686,
300351.SZ,永贵电器,20170412,24.1314,
300351.SZ,永贵电器,20170413,24.1214,
300351.SZ,永贵电器,20170414,23.623,
300351.SZ,永贵电器,20170417,23.7227,
300351.SZ,永贵电器,20170418,23.4635,
300351.SZ,永贵电器,20170419,22.706,
300351.SZ,永贵电器,20170420,22.696,
300351.SZ,永贵电器,20170421,22.1079,
300351.SZ,永贵电器,20170424,20.8321,
300351.SZ,永贵电器,20170425,20.7524,
300351.SZ,永贵电器,20170426,20.6826,
300351.SZ,永贵电器,20170427,20.2839,
300351.SZ,永贵电器,20170428,20.244,
300351.SZ,永贵电器,20170502,20.2141,
300351.SZ,永贵电器,20170503,20.3038,
300351.SZ,永贵电器,20170504,20.6029,
300351.SZ,永贵电器,20170505,20.3337,
300351.SZ,永贵电器,20170508,20.7324,
300351.SZ,永贵电器,20170509,21.1511,
300351.SZ,永贵电器,20170510,20.3836,
300351.SZ,永贵电器,20170511,20.4035,
300351.SZ,永贵电器,20170512,20.0945,
300351.SZ,永贵电器,20170515,20.0945,
300351.SZ,永贵电器,20170516,20.3836,
300351.SZ,永贵电器,20170517,20.7125,
300351.SZ,永贵电器,20170518,20.872,
300351.SZ,永贵电器,20170519,20.6228,
300351.SZ,永贵电器,20170522,20.0746,
300351.SZ,永贵电器,20170523,18.101,
300351.SZ,永贵电器,20170524,18.2007,
300351.SZ,永贵电器,20170525,18.2007,
300351.SZ,永贵电器,20170526,18.1907,
300351.SZ,永贵电器,20170531,17.8817,
300351.SZ,永贵电器,20170601,17.0644,
300351.SZ,永贵电器,20170602,17.3235,
300351.SZ,永贵电器,20170605,17.5129,
300351.SZ,永贵电器,20170606,17.5727,
300351.SZ,永贵电器,20170607,17.9515,
300351.SZ,永贵电器,20170608,17.8718,
300351.SZ,永贵电器,20170609,18.0312,
300351.SZ,永贵电器,20170612,17.6026,
300351.SZ,永贵电器,20170613,17.8618,
300351.SZ,永贵电器,20170614,17.8817,
300351.SZ,永贵电器,20170615,18.091,
300351.SZ,永贵电器,20170616,18.0711,
300351.SZ,永贵电器,20170619,18.0611,
300351.SZ,永贵电器,20170620,18.41,
300351.SZ,永贵电器,20170621,18.28,
300351.SZ,永贵电器,20170622,18.01,
300351.SZ,永贵电器,20170623,17.98,
300351.SZ,永贵电器,20170626,18.55,
300351.SZ,永贵电器,20170627,18.43,
300351.SZ,永贵电器,20170628,18.26,
300351.SZ,永贵电器,20170629,18.24,
300351.SZ,永贵电器,20170630,18.23,
300351.SZ,永贵电器,20170703,18.35,
300351.SZ,永贵电器,20170704,18.14,
300351.SZ,永贵电器,20170705,18.27,
300351.SZ,永贵电器,20170706,18.35,
300351.SZ,永贵电器,20170707,18.69,
300351.SZ,永贵电器,20170710,18.6,
300351.SZ,永贵电器,20170711,18.64,
300351.SZ,永贵电器,20170712,18.33,
300351.SZ,永贵电器,20170713,18.34,
300351.SZ,永贵电器,20170714,17.88,
300351.SZ,永贵电器,20170717,16.31,
300351.SZ,永贵电器,20170718,16.31,
300351.SZ,永贵电器,20170719,16.36,
300351.SZ,永贵电器,20170720,16.38,
300351.SZ,永贵电器,20170721,16.13,
300351.SZ,永贵电器,20170724,15.9,
300351.SZ,永贵电器,20170725,16.1,
300351.SZ,永贵电器,20170726,15.77,
300351.SZ,永贵电器,20170727,16.78,
300351.SZ,永贵电器,20170728,16.4,
300351.SZ,永贵电器,20170731,16.35,
300351.SZ,永贵电器,20170801,16.54,
300351.SZ,永贵电器,20170802,16.48,
300351.SZ,永贵电器,20170803,16.93,
300351.SZ,永贵电器,20170804,16.79,
300351.SZ,永贵电器,20170807,16.99,
300351.SZ,永贵电器,20170808,17.03,
300351.SZ,永贵电器,20170809,17.05,
300351.SZ,永贵电器,20170810,16.75,
300351.SZ,永贵电器,20170811,16.64,
300351.SZ,永贵电器,20170814,17.1,
300351.SZ,永贵电器,20170815,17.25,
300351.SZ,永贵电器,20170816,17.58,
300351.SZ,永贵电器,20170817,17.57,
300351.SZ,永贵电器,20170818,17.33,
300351.SZ,永贵电器,20170821,17.41,
300351.SZ,永贵电器,20170822,17.4,
300351.SZ,永贵电器,20170823,17.34,
300351.SZ,永贵电器,20170824,17.25,
300351.SZ,永贵电器,20170825,17.29,
300351.SZ,永贵电器,20170828,17.6,
300351.SZ,永贵电器,20170829,17.42,
300351.SZ,永贵电器,20170830,17.38,
300351.SZ,永贵电器,20170831,17.55,
300351.SZ,永贵电器,20170901,17.56,
300351.SZ,永贵电器,20170904,17.8,
300351.SZ,永贵电器,20170905,17.67,
300351.SZ,永贵电器,20170906,17.71,
300351.SZ,永贵电器,20170907,17.59,
300351.SZ,永贵电器,20170908,17.25,
300351.SZ,永贵电器,20170911,17.18,
300351.SZ,永贵电器,20170912,17.95,
300351.SZ,永贵电器,20170913,17.89,
300351.SZ,永贵电器,20170914,17.88,
300351.SZ,永贵电器,20170915,18.06,
300351.SZ,永贵电器,20170918,18.68,
300351.SZ,永贵电器,20170919,18.37,
300351.SZ,永贵电器,20170920,18.38,
300351.SZ,永贵电器,20170921,17.85,
300351.SZ,永贵电器,20170922,17.68,
300351.SZ,永贵电器,20170925,17.46,
300351.SZ,永贵电器,20170926,17.49,
300351.SZ,永贵电器,20170927,17.52,
300351.SZ,永贵电器,20170928,17.4,
300351.SZ,永贵电器,20170929,17.4,
300351.SZ,永贵电器,20171009,17.59,
300351.SZ,永贵电器,20171010,17.81,
300351.SZ,永贵电器,20171011,17.65,
300351.SZ,永贵电器,20171012,17.47,
300351.SZ,永贵电器,20171013,17.65,
300351.SZ,永贵电器,20171016,17.13,
300351.SZ,永贵电器,20171017,17.05,
300351.SZ,永贵电器,20171018,16.67,
300351.SZ,永贵电器,20171019,16.45,
300351.SZ,永贵电器,20171020,16.62,
300351.SZ,永贵电器,20171023,16.68,
300351.SZ,永贵电器,20171024,16.93,
300351.SZ,永贵电器,20171025,16.93,
300351.SZ,永贵电器,20171026,18,
300351.SZ,永贵电器,20171027,17.51,
300351.SZ,永贵电器,20171030,18.35,
300351.SZ,永贵电器,20171031,19.1,
300351.SZ,永贵电器,20171101,19.13,
300351.SZ,永贵电器,20171102,18.46,
300351.SZ,永贵电器,20171103,18.49,
300351.SZ,永贵电器,20171106,19.02,
300351.SZ,永贵电器,20171107,18.73,
300351.SZ,永贵电器,20171108,18.22,
300351.SZ,永贵电器,20171109,18.36,
300351.SZ,永贵电器,20171110,18.08,
300351.SZ,永贵电器,20171113,18.62,
300351.SZ,永贵电器,20171114,18.16,
300351.SZ,永贵电器,20171115,17.71,
300351.SZ,永贵电器,20171116,17.03,
300351.SZ,永贵电器,20171117,16.19,
300351.SZ,永贵电器,20171120,16.42,
300351.SZ,永贵电器,20171121,16.21,
300351.SZ,永贵电器,20171122,16.48,
300351.SZ,永贵电器,20171123,16,
300351.SZ,永贵电器,20171124,16.09,
300351.SZ,永贵电器,20171127,16.15,
300351.SZ,永贵电器,20171128,16.17,
300351.SZ,永贵电器,20171129,16.14,
300351.SZ,永贵电器,20171130,16.06,
300351.SZ,永贵电器,20171201,16.17,
300351.SZ,永贵电器,20171204,15.6,
300351.SZ,永贵电器,20171205,15.15,
300351.SZ,永贵电器,20171206,15.44,
300351.SZ,永贵电器,20171207,15.26,
300351.SZ,永贵电器,20171208,15.4,
300351.SZ,永贵电器,20171211,15.45,
300351.SZ,永贵电器,20171212,15.2,
300351.SZ,永贵电器,20171213,15.2,
300351.SZ,永贵电器,20171214,15.15,
300351.SZ,永贵电器,20171215,15.17,
300351.SZ,永贵电器,20171218,15.08,
300351.SZ,永贵电器,20171219,15.16,
300351.SZ,永贵电器,20171220,15.27,
300351.SZ,永贵电器,20171221,14.81,
300351.SZ,永贵电器,20171222,14.58,
300351.SZ,永贵电器,20171225,14.13,
300351.SZ,永贵电器,20171226,14.31,
300351.SZ,永贵电器,20171227,14.07,
300351.SZ,永贵电器,20171228,14.09,
300351.SZ,永贵电器,20171229,14.2,
300351.SZ,永贵电器,20180102,14.49,
300351.SZ,永贵电器,20180103,14.59,
300351.SZ,永贵电器,20180104,14.73,
300351.SZ,永贵电器,20180105,14.6,
300351.SZ,永贵电器,20180108,14.49,
300351.SZ,永贵电器,20180109,14.52,
300351.SZ,永贵电器,20180110,14.24,
300351.SZ,永贵电器,20180111,14.41,
300351.SZ,永贵电器,20180112,14.25,
300351.SZ,永贵电器,20180115,13.89,
300351.SZ,永贵电器,20180116,13.97,
300351.SZ,永贵电器,20180117,14.08,
300351.SZ,永贵电器,20180118,14,
300351.SZ,永贵电器,20180119,14.09,
300351.SZ,永贵电器,20180122,14.23,
300351.SZ,永贵电器,20180123,14.26,
300351.SZ,永贵电器,20180124,14.48,
300351.SZ,永贵电器,20180125,14.23,
300351.SZ,永贵电器,20180126,14.2,
300351.SZ,永贵电器,20180129,13.93,
300351.SZ,永贵电器,20180130,13.89,
300351.SZ,永贵电器,20180131,13.36,
300351.SZ,永贵电器,20180201,12.73,
300351.SZ,永贵电器,20180202,12.57,
300351.SZ,永贵电器,20180205,12.38,
300351.SZ,永贵电器,20180206,11.41,
300351.SZ,永贵电器,20180207,11.51,
300351.SZ,永贵电器,20180208,11.74,
300351.SZ,永贵电器,20180209,11.46,
300351.SZ,永贵电器,20180212,11.79,
300351.SZ,永贵电器,20180213,11.79,
300351.SZ,永贵电器,20180214,11.81,
300351.SZ,永贵电器,20180222,12.03,
300351.SZ,永贵电器,20180223,11.97,
300351.SZ,永贵电器,20180226,12.3,
300351.SZ,永贵电器,20180227,12.39,
300351.SZ,永贵电器,20180228,12.45,
300351.SZ,永贵电器,20180301,12.82,
300351.SZ,永贵电器,20180302,12.68,
300351.SZ,永贵电器,20180305,12.62,
300351.SZ,永贵电器,20180306,12.75,
300351.SZ,永贵电器,20180307,12.51,
300351.SZ,永贵电器,20180308,12.66,
300351.SZ,永贵电器,20180309,13.13,
300351.SZ,永贵电器,20180312,13.42,
300351.SZ,永贵电器,20180313,13.71,
300351.SZ,永贵电器,20180314,13.59,
300351.SZ,永贵电器,20180315,14.12,
300351.SZ,永贵电器,20180316,14.55,
300351.SZ,永贵电器,20180319,14.84,
300351.SZ,永贵电器,20180320,14.71,
300351.SZ,永贵电器,20180321,14.55,
300351.SZ,永贵电器,20180322,14.88,
300351.SZ,永贵电器,20180323,14.26,
300351.SZ,永贵电器,20180326,15.18,
