代码,简称,日期,收盘价(元),
600463.SH,空港股份,20040318,4.6256,
600463.SH,空港股份,20040319,4.509,
600463.SH,空港股份,20040322,4.5501,
600463.SH,空港股份,20040323,4.4918,
600463.SH,空港股份,20040324,4.5124,
600463.SH,空港股份,20040325,4.4644,
600463.SH,空港股份,20040326,4.485,
600463.SH,空港股份,20040329,4.5535,
600463.SH,空港股份,20040330,4.5638,
600463.SH,空港股份,20040331,4.5467,
600463.SH,空港股份,20040401,4.5673,
600463.SH,空港股份,20040402,4.5398,
600463.SH,空港股份,20040405,4.6461,
600463.SH,空港股份,20040406,4.629,
600463.SH,空港股份,20040407,4.5981,
600463.SH,空港股份,20040408,4.6461,
600463.SH,空港股份,20040409,4.6084,
600463.SH,空港股份,20040412,4.5535,
600463.SH,空港股份,20040413,4.4918,
600463.SH,空港股份,20040414,4.3478,
600463.SH,空港股份,20040415,4.1627,
600463.SH,空港股份,20040416,4.2209,
600463.SH,空港股份,20040419,4.0221,
600463.SH,空港股份,20040420,4.0324,
600463.SH,空港股份,20040421,4.0598,
600463.SH,空港股份,20040422,4.0324,
600463.SH,空港股份,20040423,3.7855,
600463.SH,空港股份,20040426,3.7066,
600463.SH,空港股份,20040427,3.6689,
600463.SH,空港股份,20040428,3.7546,
600463.SH,空港股份,20040429,3.6723,
600463.SH,空港股份,20040430,3.6655,
600463.SH,空港股份,20040510,3.6723,
600463.SH,空港股份,20040511,3.7512,
600463.SH,空港股份,20040512,3.8541,
600463.SH,空港股份,20040513,3.8335,
600463.SH,空港股份,20040514,3.6792,
600463.SH,空港股份,20040517,3.686,
600463.SH,空港股份,20040518,3.7546,
600463.SH,空港股份,20040519,3.6998,
600463.SH,空港股份,20040520,3.6243,
600463.SH,空港股份,20040521,3.5626,
600463.SH,空港股份,20040524,3.4392,
600463.SH,空港股份,20040525,3.2849,
600463.SH,空港股份,20040526,3.2849,
600463.SH,空港股份,20040527,3.3946,
600463.SH,空港股份,20040528,3.3637,
600463.SH,空港股份,20040531,3.422,
600463.SH,空港股份,20040601,3.7649,
600463.SH,空港股份,20040602,3.8952,
600463.SH,空港股份,20040603,3.8609,
600463.SH,空港股份,20040604,3.9226,
600463.SH,空港股份,20040607,3.9192,
600463.SH,空港股份,20040608,3.7615,
600463.SH,空港股份,20040609,3.5455,
600463.SH,空港股份,20040610,3.3534,
600463.SH,空港股份,20040611,3.518,
600463.SH,空港股份,20040614,3.4597,
600463.SH,空港股份,20040615,3.5626,
600463.SH,空港股份,20040616,3.5043,
600463.SH,空港股份,20040617,3.4254,
600463.SH,空港股份,20040618,3.4597,
600463.SH,空港股份,20040621,3.7032,
600463.SH,空港股份,20040622,3.6998,
600463.SH,空港股份,20040623,3.6655,
600463.SH,空港股份,20040624,3.6278,
600463.SH,空港股份,20040625,3.4289,
600463.SH,空港股份,20040628,3.254,
600463.SH,空港股份,20040629,3.302,
600463.SH,空港股份,20040630,3.2471,
600463.SH,空港股份,20040701,3.3466,
600463.SH,空港股份,20040702,3.3054,
600463.SH,空港股份,20040705,3.3054,
600463.SH,空港股份,20040706,3.3089,
600463.SH,空港股份,20040707,3.2231,
600463.SH,空港股份,20040708,3.2574,
600463.SH,空港股份,20040709,3.2369,
600463.SH,空港股份,20040712,3.0208,
600463.SH,空港股份,20040713,3.0311,
600463.SH,空港股份,20040714,2.9797,
600463.SH,空港股份,20040715,2.9351,
600463.SH,空港股份,20040716,3.0928,
600463.SH,空港股份,20040719,3.0688,
600463.SH,空港股份,20040720,3.038,
600463.SH,空港股份,20040721,3.0037,
600463.SH,空港股份,20040722,2.9214,
600463.SH,空港股份,20040723,2.9248,
600463.SH,空港股份,20040726,2.8631,
600463.SH,空港股份,20040727,2.8631,
600463.SH,空港股份,20040728,2.9008,
600463.SH,空港股份,20040729,2.9831,
600463.SH,空港股份,20040730,2.8803,
600463.SH,空港股份,20040802,2.798,
600463.SH,空港股份,20040803,2.8185,
600463.SH,空港股份,20040804,2.8974,
600463.SH,空港股份,20040805,2.8288,
600463.SH,空港股份,20040806,2.8185,
600463.SH,空港股份,20040809,2.8254,
600463.SH,空港股份,20040810,2.8425,
600463.SH,空港股份,20040811,2.7637,
600463.SH,空港股份,20040812,2.6951,
600463.SH,空港股份,20040813,2.6265,
600463.SH,空港股份,20040816,2.5168,
600463.SH,空港股份,20040817,2.5305,
600463.SH,空港股份,20040818,2.4756,
600463.SH,空港股份,20040819,2.4105,
600463.SH,空港股份,20040820,2.4585,
600463.SH,空港股份,20040823,2.4276,
600463.SH,空港股份,20040824,2.4962,
600463.SH,空港股份,20040825,2.5202,
600463.SH,空港股份,20040826,2.4379,
600463.SH,空港股份,20040827,2.3899,
600463.SH,空港股份,20040830,2.4002,
600463.SH,空港股份,20040831,2.4654,
600463.SH,空港股份,20040901,2.4242,
600463.SH,空港股份,20040902,2.4756,
600463.SH,空港股份,20040903,2.4619,
600463.SH,空港股份,20040906,2.4551,
600463.SH,空港股份,20040907,2.4516,
600463.SH,空港股份,20040908,2.4208,
600463.SH,空港股份,20040909,2.3796,
600463.SH,空港股份,20040910,2.3796,
600463.SH,空港股份,20040913,2.2768,
600463.SH,空港股份,20040914,2.3694,
600463.SH,空港股份,20040915,2.5202,
600463.SH,空港股份,20040916,2.6745,
600463.SH,空港股份,20040917,2.7328,
600463.SH,空港股份,20040920,2.8151,
600463.SH,空港股份,20040921,2.774,
600463.SH,空港股份,20040922,2.7191,
600463.SH,空港股份,20040923,2.7705,
600463.SH,空港股份,20040924,2.7157,
600463.SH,空港股份,20040927,2.6745,
600463.SH,空港股份,20040928,2.6574,
600463.SH,空港股份,20040929,2.654,
600463.SH,空港股份,20040930,2.6745,
600463.SH,空港股份,20041008,2.798,
600463.SH,空港股份,20041011,2.8631,
600463.SH,空港股份,20041012,2.8563,
600463.SH,空港股份,20041013,2.9008,
600463.SH,空港股份,20041014,2.7911,
600463.SH,空港股份,20041015,2.5545,
600463.SH,空港股份,20041018,2.5168,
600463.SH,空港股份,20041019,2.5065,
600463.SH,空港股份,20041020,2.4619,
600463.SH,空港股份,20041021,2.4071,
600463.SH,空港股份,20041022,2.4756,
600463.SH,空港股份,20041025,2.4791,
600463.SH,空港股份,20041026,2.5237,
600463.SH,空港股份,20041027,2.5991,
600463.SH,空港股份,20041028,2.5511,
600463.SH,空港股份,20041029,2.4311,
600463.SH,空港股份,20041101,2.3625,
600463.SH,空港股份,20041102,2.3694,
600463.SH,空港股份,20041103,2.4208,
600463.SH,空港股份,20041104,2.3488,
600463.SH,空港股份,20041105,2.3831,
600463.SH,空港股份,20041108,2.4071,
600463.SH,空港股份,20041109,2.4105,
600463.SH,空港股份,20041110,2.4928,
600463.SH,空港股份,20041111,2.4859,
600463.SH,空港股份,20041112,2.4997,
600463.SH,空港股份,20041115,2.5339,
600463.SH,空港股份,20041116,2.5339,
600463.SH,空港股份,20041117,2.4722,
600463.SH,空港股份,20041118,2.5031,
600463.SH,空港股份,20041119,2.5134,
600463.SH,空港股份,20041122,2.5442,
600463.SH,空港股份,20041123,2.5854,
600463.SH,空港股份,20041124,2.5065,
600463.SH,空港股份,20041125,2.5545,
600463.SH,空港股份,20041126,2.6025,
600463.SH,空港股份,20041129,2.5888,
600463.SH,空港股份,20041130,2.5511,
600463.SH,空港股份,20041201,2.5065,
600463.SH,空港股份,20041202,2.5271,
600463.SH,空港股份,20041203,2.5442,
600463.SH,空港股份,20041206,2.5408,
600463.SH,空港股份,20041207,2.4585,
600463.SH,空港股份,20041208,2.4825,
600463.SH,空港股份,20041209,2.4997,
600463.SH,空港股份,20041210,2.4448,
600463.SH,空港股份,20041213,2.4276,
600463.SH,空港股份,20041214,2.4276,
600463.SH,空港股份,20041215,2.4448,
600463.SH,空港股份,20041216,2.4071,
600463.SH,空港股份,20041217,2.3899,
600463.SH,空港股份,20041220,2.3762,
600463.SH,空港股份,20041221,2.3728,
600463.SH,空港股份,20041222,2.4345,
600463.SH,空港股份,20041223,2.3831,
600463.SH,空港股份,20041224,2.3899,
600463.SH,空港股份,20041227,2.3762,
600463.SH,空港股份,20041228,2.3625,
600463.SH,空港股份,20041229,2.3556,
600463.SH,空港股份,20041230,2.3282,
600463.SH,空港股份,20041231,2.3248,
600463.SH,空港股份,20050104,2.3042,
600463.SH,空港股份,20050105,2.3454,
600463.SH,空港股份,20050106,2.3248,
600463.SH,空港股份,20050107,2.3762,
600463.SH,空港股份,20050110,2.3899,
600463.SH,空港股份,20050111,2.4002,
600463.SH,空港股份,20050112,2.4036,
600463.SH,空港股份,20050113,2.3831,
600463.SH,空港股份,20050114,2.3659,
600463.SH,空港股份,20050117,2.2733,
600463.SH,空港股份,20050118,2.2973,
600463.SH,空港股份,20050119,2.2871,
600463.SH,空港股份,20050120,2.2493,
600463.SH,空港股份,20050121,2.3042,
600463.SH,空港股份,20050124,2.3419,
600463.SH,空港股份,20050125,2.3042,
600463.SH,空港股份,20050126,2.2905,
600463.SH,空港股份,20050127,2.3351,
600463.SH,空港股份,20050128,2.3076,
600463.SH,空港股份,20050131,2.1705,
600463.SH,空港股份,20050201,2.1842,
600463.SH,空港股份,20050202,2.2768,
600463.SH,空港股份,20050203,2.2151,
600463.SH,空港股份,20050204,2.2733,
600463.SH,空港股份,20050216,2.2871,
600463.SH,空港股份,20050217,2.3076,
600463.SH,空港股份,20050218,2.2631,
600463.SH,空港股份,20050221,2.3008,
600463.SH,空港股份,20050222,2.3934,
600463.SH,空港股份,20050223,2.4208,
600463.SH,空港股份,20050224,2.4071,
600463.SH,空港股份,20050225,2.4002,
600463.SH,空港股份,20050228,2.4516,
600463.SH,空港股份,20050301,2.4894,
600463.SH,空港股份,20050302,2.4208,
600463.SH,空港股份,20050303,2.3934,
600463.SH,空港股份,20050304,2.3454,
600463.SH,空港股份,20050307,2.3454,
600463.SH,空港股份,20050308,2.3934,
600463.SH,空港股份,20050309,2.3934,
600463.SH,空港股份,20050310,2.3076,
600463.SH,空港股份,20050311,2.3042,
600463.SH,空港股份,20050314,2.2562,
600463.SH,空港股份,20050315,2.2459,
600463.SH,空港股份,20050316,2.2699,
600463.SH,空港股份,20050317,2.1876,
600463.SH,空港股份,20050318,2.1259,
600463.SH,空港股份,20050321,2.119,
600463.SH,空港股份,20050322,2.047,
600463.SH,空港股份,20050323,1.999,
600463.SH,空港股份,20050324,2.0368,
600463.SH,空港股份,20050325,1.9853,
600463.SH,空港股份,20050328,1.9545,
600463.SH,空港股份,20050329,1.9819,
600463.SH,空港股份,20050330,1.9236,
600463.SH,空港股份,20050331,1.9373,
600463.SH,空港股份,20050401,1.9956,
600463.SH,空港股份,20050404,1.9613,
600463.SH,空港股份,20050405,1.9065,
600463.SH,空港股份,20050406,1.9922,
600463.SH,空港股份,20050407,1.999,
600463.SH,空港股份,20050408,2.0402,
600463.SH,空港股份,20050411,2.0162,
600463.SH,空港股份,20050412,1.9716,
600463.SH,空港股份,20050413,2.047,
600463.SH,空港股份,20050414,1.9819,
600463.SH,空港股份,20050415,1.9202,
600463.SH,空港股份,20050418,1.8825,
600463.SH,空港股份,20050419,1.8893,
600463.SH,空港股份,20050420,1.8722,
600463.SH,空港股份,20050421,1.8276,
600463.SH,空港股份,20050422,1.7693,
600463.SH,空港股份,20050425,1.7693,
600463.SH,空港股份,20050426,1.7522,
600463.SH,空港股份,20050427,1.7213,
600463.SH,空港股份,20050428,1.7727,
600463.SH,空港股份,20050429,1.7213,
600463.SH,空港股份,20050509,1.6493,
600463.SH,空港股份,20050510,1.6424,
600463.SH,空港股份,20050511,1.6596,
600463.SH,空港股份,20050512,1.6459,
600463.SH,空港股份,20050513,1.6527,
600463.SH,空港股份,20050516,1.6493,
600463.SH,空港股份,20050517,1.6767,
600463.SH,空港股份,20050518,1.6836,
600463.SH,空港股份,20050519,1.7247,
600463.SH,空港股份,20050520,1.7042,
600463.SH,空港股份,20050523,1.6767,
600463.SH,空港股份,20050524,1.7179,
600463.SH,空港股份,20050525,1.7143,
600463.SH,空港股份,20050526,1.6964,
600463.SH,空港股份,20050527,1.6964,
600463.SH,空港股份,20050530,1.7179,
600463.SH,空港股份,20050531,1.7143,
600463.SH,空港股份,20050601,1.7214,
600463.SH,空港股份,20050602,1.6964,
600463.SH,空港股份,20050603,1.6929,
600463.SH,空港股份,20050606,1.6893,
600463.SH,空港股份,20050607,1.7072,
600463.SH,空港股份,20050608,1.8214,
600463.SH,空港股份,20050609,1.8393,
600463.SH,空港股份,20050610,1.8107,
600463.SH,空港股份,20050613,1.8036,
600463.SH,空港股份,20050614,1.7822,
600463.SH,空港股份,20050615,1.7393,
600463.SH,空港股份,20050616,1.7572,
600463.SH,空港股份,20050617,1.7322,
600463.SH,空港股份,20050620,1.8,
600463.SH,空港股份,20050621,1.8107,
600463.SH,空港股份,20050622,1.8143,
600463.SH,空港股份,20050623,1.7857,
600463.SH,空港股份,20050624,1.8357,
600463.SH,空港股份,20050627,1.925,
600463.SH,空港股份,20050628,1.875,
600463.SH,空港股份,20050629,1.8679,
600463.SH,空港股份,20050630,1.7857,
600463.SH,空港股份,20050701,1.7143,
600463.SH,空港股份,20050704,1.6929,
600463.SH,空港股份,20050705,1.6929,
600463.SH,空港股份,20050706,1.6893,
600463.SH,空港股份,20050707,1.6893,
600463.SH,空港股份,20050708,1.6143,
600463.SH,空港股份,20050711,1.5714,
600463.SH,空港股份,20050712,1.6143,
600463.SH,空港股份,20050713,1.6036,
600463.SH,空港股份,20050714,1.5964,
600463.SH,空港股份,20050715,1.5322,
600463.SH,空港股份,20050718,1.3929,
600463.SH,空港股份,20050719,1.425,
600463.SH,空港股份,20050720,1.4286,
600463.SH,空港股份,20050721,1.4214,
600463.SH,空港股份,20050722,1.4857,
600463.SH,空港股份,20050725,1.4786,
600463.SH,空港股份,20050726,1.5357,
600463.SH,空港股份,20050727,1.55,
600463.SH,空港股份,20050728,1.5429,
600463.SH,空港股份,20050729,1.5107,
600463.SH,空港股份,20050801,1.525,
600463.SH,空港股份,20050802,1.5679,
600463.SH,空港股份,20050803,1.6107,
600463.SH,空港股份,20050804,1.6572,
600463.SH,空港股份,20050805,1.6822,
600463.SH,空港股份,20050808,1.6714,
600463.SH,空港股份,20050809,1.7036,
600463.SH,空港股份,20050810,1.7143,
600463.SH,空港股份,20050811,1.7179,
600463.SH,空港股份,20050812,1.6893,
600463.SH,空港股份,20050815,1.7286,
600463.SH,空港股份,20050816,1.7214,
600463.SH,空港股份,20050817,1.8714,
600463.SH,空港股份,20050818,1.7322,
600463.SH,空港股份,20050819,1.8214,
600463.SH,空港股份,20050822,2.0036,
600463.SH,空港股份,20050823,1.9643,
600463.SH,空港股份,20050824,2.0036,
600463.SH,空港股份,20050825,2.0857,
600463.SH,空港股份,20050826,1.9536,
600463.SH,空港股份,20050829,1.875,
600463.SH,空港股份,20050830,1.8857,
600463.SH,空港股份,20050831,1.9143,
600463.SH,空港股份,20050901,1.9572,
600463.SH,空港股份,20050902,1.9714,
600463.SH,空港股份,20050905,1.9822,
600463.SH,空港股份,20050906,1.9714,
600463.SH,空港股份,20050907,2.0429,
600463.SH,空港股份,20050908,2.0143,
600463.SH,空港股份,20050909,1.9607,
600463.SH,空港股份,20050912,1.975,
600463.SH,空港股份,20050913,2.0143,
600463.SH,空港股份,20050914,2.0429,
600463.SH,空港股份,20050915,2.0607,
600463.SH,空港股份,20050916,2.0643,
600463.SH,空港股份,20050919,2.0893,
600463.SH,空港股份,20050920,2.0429,
600463.SH,空港股份,20050921,1.9822,
600463.SH,空港股份,20050922,1.8822,
600463.SH,空港股份,20050923,1.8643,
600463.SH,空港股份,20050926,1.8464,
600463.SH,空港股份,20050927,1.8322,
600463.SH,空港股份,20050928,1.8393,
600463.SH,空港股份,20050929,1.8679,
600463.SH,空港股份,20050930,1.8572,
600463.SH,空港股份,20051010,1.8286,
600463.SH,空港股份,20051011,1.8643,
600463.SH,空港股份,20051012,1.8893,
600463.SH,空港股份,20051013,1.8786,
600463.SH,空港股份,20051014,1.8393,
600463.SH,空港股份,20051017,1.8214,
600463.SH,空港股份,20051018,1.8714,
600463.SH,空港股份,20051019,1.8714,
600463.SH,空港股份,20051020,1.9607,
600463.SH,空港股份,20051021,1.9464,
600463.SH,空港股份,20051024,1.9179,
600463.SH,空港股份,20051025,1.9607,
600463.SH,空港股份,20051026,1.85,
600463.SH,空港股份,20051027,1.8393,
600463.SH,空港股份,20051028,1.7929,
600463.SH,空港股份,20051031,1.8107,
600463.SH,空港股份,20051101,1.7357,
600463.SH,空港股份,20051102,1.7893,
600463.SH,空港股份,20051103,1.7822,
600463.SH,空港股份,20051104,1.8179,
600463.SH,空港股份,20051107,1.8464,
600463.SH,空港股份,20051108,1.8643,
600463.SH,空港股份,20051109,1.8643,
600463.SH,空港股份,20051110,1.7679,
600463.SH,空港股份,20051111,1.8072,
600463.SH,空港股份,20051114,1.825,
600463.SH,空港股份,20051115,1.8143,
600463.SH,空港股份,20051116,1.8322,
600463.SH,空港股份,20051117,1.85,
600463.SH,空港股份,20051118,1.8822,
600463.SH,空港股份,20051121,1.9286,
600463.SH,空港股份,20051122,1.8929,
600463.SH,空港股份,20051123,1.9429,
600463.SH,空港股份,20051124,1.9393,
600463.SH,空港股份,20051125,1.9464,
600463.SH,空港股份,20051128,1.9643,
600463.SH,空港股份,20051129,1.9214,
600463.SH,空港股份,20051130,1.9214,
600463.SH,空港股份,20051201,1.9429,
600463.SH,空港股份,20051202,1.9357,
600463.SH,空港股份,20051205,1.8893,
600463.SH,空港股份,20051206,1.9143,
600463.SH,空港股份,20051207,1.9643,
600463.SH,空港股份,20051208,1.9679,
600463.SH,空港股份,20051209,1.9893,
600463.SH,空港股份,20051212,1.9893,
600463.SH,空港股份,20051213,1.9893,
600463.SH,空港股份,20051214,1.9893,
600463.SH,空港股份,20051215,1.9893,
600463.SH,空港股份,20051216,1.9893,
600463.SH,空港股份,20051219,1.9893,
600463.SH,空港股份,20051220,1.9893,
600463.SH,空港股份,20051221,1.9893,
600463.SH,空港股份,20051222,2.025,
600463.SH,空港股份,20051223,2.0643,
600463.SH,空港股份,20051226,2.0643,
600463.SH,空港股份,20051227,2.1929,
600463.SH,空港股份,20051228,2.225,
600463.SH,空港股份,20051229,2.225,
600463.SH,空港股份,20051230,2.225,
600463.SH,空港股份,20060104,2.225,
600463.SH,空港股份,20060105,2.225,
600463.SH,空港股份,20060106,2.225,
600463.SH,空港股份,20060109,2.225,
600463.SH,空港股份,20060110,2.225,
600463.SH,空港股份,20060111,2.225,
600463.SH,空港股份,20060112,2.225,
600463.SH,空港股份,20060113,2.225,
600463.SH,空港股份,20060116,2.225,
600463.SH,空港股份,20060117,2.225,
600463.SH,空港股份,20060118,2.225,
600463.SH,空港股份,20060119,2.225,
600463.SH,空港股份,20060120,2.225,
600463.SH,空港股份,20060123,2.225,
600463.SH,空港股份,20060124,2.225,
600463.SH,空港股份,20060125,2.225,
600463.SH,空港股份,20060206,2.4772,
600463.SH,空港股份,20060207,2.4674,
600463.SH,空港股份,20060208,2.4432,
600463.SH,空港股份,20060209,2.3363,
600463.SH,空港股份,20060210,2.3703,
600463.SH,空港股份,20060213,2.3314,
600463.SH,空港股份,20060214,2.3654,
600463.SH,空港股份,20060215,2.3752,
600463.SH,空港股份,20060216,2.3606,
600463.SH,空港股份,20060217,2.3072,
600463.SH,空港股份,20060220,2.3266,
600463.SH,空港股份,20060221,2.3703,
600463.SH,空港股份,20060222,2.3314,
600463.SH,空港股份,20060223,2.3606,
600463.SH,空港股份,20060224,2.3752,
600463.SH,空港股份,20060227,2.4286,
600463.SH,空港股份,20060228,2.5112,
600463.SH,空港股份,20060301,2.5257,
600463.SH,空港股份,20060302,2.4237,
600463.SH,空港股份,20060303,2.38,
600463.SH,空港股份,20060306,2.3654,
600463.SH,空港股份,20060307,2.2634,
600463.SH,空港股份,20060308,2.2246,
600463.SH,空港股份,20060309,2.21,
600463.SH,空港股份,20060310,2.2246,
600463.SH,空港股份,20060313,2.2683,
600463.SH,空港股份,20060314,2.2489,
600463.SH,空港股份,20060315,2.2732,
600463.SH,空港股份,20060316,2.2974,
600463.SH,空港股份,20060317,2.278,
600463.SH,空港股份,20060320,2.3509,
600463.SH,空港股份,20060321,2.3412,
600463.SH,空港股份,20060322,2.3752,
600463.SH,空港股份,20060323,2.3752,
600463.SH,空港股份,20060324,2.3654,
600463.SH,空港股份,20060327,2.414,
600463.SH,空港股份,20060328,2.4237,
600463.SH,空港股份,20060329,2.4723,
600463.SH,空港股份,20060330,2.4432,
600463.SH,空港股份,20060331,2.4189,
600463.SH,空港股份,20060403,2.482,
600463.SH,空港股份,20060404,2.5306,
600463.SH,空港股份,20060405,2.5597,
600463.SH,空港股份,20060406,2.5014,
600463.SH,空港股份,20060407,2.5209,
600463.SH,空港股份,20060410,2.618,
600463.SH,空港股份,20060411,2.5986,
600463.SH,空港股份,20060412,2.5792,
600463.SH,空港股份,20060413,2.4917,
600463.SH,空港股份,20060414,2.5306,
600463.SH,空港股份,20060417,2.5014,
600463.SH,空港股份,20060418,2.482,
600463.SH,空港股份,20060419,2.5257,
600463.SH,空港股份,20060420,2.3946,
600463.SH,空港股份,20060421,2.3606,
600463.SH,空港股份,20060424,2.2829,
600463.SH,空港股份,20060425,2.2829,
600463.SH,空港股份,20060426,2.3363,
600463.SH,空港股份,20060427,2.3169,
600463.SH,空港股份,20060428,2.2683,
600463.SH,空港股份,20060508,2.346,
600463.SH,空港股份,20060509,2.5792,
600463.SH,空港股份,20060510,2.6374,
600463.SH,空港股份,20060511,2.856,
600463.SH,空港股份,20060512,2.822,
600463.SH,空港股份,20060515,3.1037,
600463.SH,空港股份,20060516,2.7929,
600463.SH,空港股份,20060517,2.7492,
600463.SH,空港股份,20060518,2.7589,
600463.SH,空港股份,20060519,2.7443,
600463.SH,空港股份,20060522,2.8187,
600463.SH,空港股份,20060523,2.6202,
600463.SH,空港股份,20060524,2.5855,
600463.SH,空港股份,20060525,2.8436,
600463.SH,空港股份,20060526,2.9775,
600463.SH,空港股份,20060529,3.052,
600463.SH,空港股份,20060530,3.0669,
600463.SH,空港股份,20060531,2.9081,
600463.SH,空港股份,20060601,2.9726,
600463.SH,空港股份,20060602,2.923,
600463.SH,空港股份,20060605,3.047,
600463.SH,空港股份,20060606,3.2009,
600463.SH,空港股份,20060607,2.8833,
600463.SH,空港股份,20060608,3.1711,
600463.SH,空港股份,20060609,3.0718,
600463.SH,空港股份,20060612,2.9527,
600463.SH,空港股份,20060613,2.8733,
600463.SH,空港股份,20060614,2.8187,
600463.SH,空港股份,20060615,2.8336,
600463.SH,空港股份,20060616,2.8981,
600463.SH,空港股份,20060619,2.8833,
600463.SH,空港股份,20060620,3.0569,
600463.SH,空港股份,20060621,3.0272,
600463.SH,空港股份,20060622,3.1165,
600463.SH,空港股份,20060623,3.186,
600463.SH,空港股份,20060626,3.2356,
600463.SH,空港股份,20060627,3.1512,
600463.SH,空港股份,20060628,3.0966,
600463.SH,空港股份,20060629,3.3696,
600463.SH,空港股份,20060630,3.2554,
600463.SH,空港股份,20060703,3.3348,
600463.SH,空港股份,20060704,3.2703,
600463.SH,空港股份,20060705,3.186,
600463.SH,空港股份,20060706,3.2554,
600463.SH,空港股份,20060707,3.2108,
600463.SH,空港股份,20060710,3.3249,
600463.SH,空港股份,20060711,3.2753,
600463.SH,空港股份,20060712,3.3448,
600463.SH,空港股份,20060713,3.0966,
600463.SH,空港股份,20060714,3.1512,
600463.SH,空港股份,20060717,3.2108,
600463.SH,空港股份,20060718,3.315,
600463.SH,空港股份,20060719,3.3795,
600463.SH,空港股份,20060720,3.3448,
600463.SH,空港股份,20060721,3.5036,
600463.SH,空港股份,20060724,3.6177,
600463.SH,空港股份,20060725,3.6177,
600463.SH,空港股份,20060726,3.4837,
600463.SH,空港股份,20060727,3.5532,
600463.SH,空港股份,20060728,3.4341,
600463.SH,空港股份,20060731,3.2455,
600463.SH,空港股份,20060801,3.2406,
600463.SH,空港股份,20060802,3.2554,
600463.SH,空港股份,20060803,3.2257,
600463.SH,空港股份,20060804,3.0569,
600463.SH,空港股份,20060807,2.8733,
600463.SH,空港股份,20060808,2.9974,
600463.SH,空港股份,20060809,2.9527,
600463.SH,空港股份,20060810,3.0321,
600463.SH,空港股份,20060811,3.0421,
600463.SH,空港股份,20060814,2.913,
600463.SH,空港股份,20060815,3.0371,
600463.SH,空港股份,20060816,3.0917,
600463.SH,空港股份,20060817,3.047,
600463.SH,空港股份,20060818,3.0172,
600463.SH,空港股份,20060821,2.9775,
600463.SH,空港股份,20060822,3.0371,
600463.SH,空港股份,20060823,3.0123,
600463.SH,空港股份,20060824,3.0371,
600463.SH,空港股份,20060825,3.0669,
600463.SH,空港股份,20060828,3.186,
600463.SH,空港股份,20060829,3.181,
600463.SH,空港股份,20060830,3.2951,
600463.SH,空港股份,20060831,3.3646,
600463.SH,空港股份,20060901,3.2703,
600463.SH,空港股份,20060904,3.5185,
600463.SH,空港股份,20060905,3.4986,
600463.SH,空港股份,20060906,3.449,
600463.SH,空港股份,20060907,3.3795,
600463.SH,空港股份,20060908,3.4043,
600463.SH,空港股份,20060911,3.5234,
600463.SH,空港股份,20060912,3.8063,
600463.SH,空港股份,20060913,3.6525,
600463.SH,空港股份,20060914,3.6425,
600463.SH,空港股份,20060915,3.6723,
600463.SH,空港股份,20060918,3.7219,
600463.SH,空港股份,20060919,3.6276,
600463.SH,空港股份,20060920,3.6872,
600463.SH,空港股份,20060921,3.6723,
600463.SH,空港股份,20060922,3.6723,
600463.SH,空港股份,20060925,3.578,
600463.SH,空港股份,20060926,3.5334,
600463.SH,空港股份,20060927,3.5681,
600463.SH,空港股份,20060928,3.5979,
600463.SH,空港股份,20060929,3.6475,
600463.SH,空港股份,20061009,3.6525,
600463.SH,空港股份,20061010,3.5185,
600463.SH,空港股份,20061011,3.5334,
600463.SH,空港股份,20061012,3.3944,
600463.SH,空港股份,20061013,3.4192,
600463.SH,空港股份,20061016,3.5085,
600463.SH,空港股份,20061017,3.4887,
600463.SH,空港股份,20061018,3.5234,
600463.SH,空港股份,20061019,3.4937,
600463.SH,空港股份,20061020,3.4341,
600463.SH,空港股份,20061023,3.3001,
600463.SH,空港股份,20061024,3.4837,
600463.SH,空港股份,20061025,3.4341,
600463.SH,空港股份,20061026,3.4391,
600463.SH,空港股份,20061027,3.3398,
600463.SH,空港股份,20061030,3.3448,
600463.SH,空港股份,20061031,3.4242,
600463.SH,空港股份,20061101,3.3894,
600463.SH,空港股份,20061102,3.3348,
600463.SH,空港股份,20061103,3.3547,
600463.SH,空港股份,20061106,3.3001,
600463.SH,空港股份,20061107,3.2753,
600463.SH,空港股份,20061108,3.2157,
600463.SH,空港股份,20061109,3.32,
600463.SH,空港股份,20061110,3.2058,
600463.SH,空港股份,20061113,3.1612,
600463.SH,空港股份,20061114,3.2058,
600463.SH,空港股份,20061115,3.2852,
600463.SH,空港股份,20061116,3.2306,
600463.SH,空港股份,20061117,3.32,
600463.SH,空港股份,20061120,3.4093,
600463.SH,空港股份,20061121,3.3994,
600463.SH,空港股份,20061122,3.3795,
600463.SH,空港股份,20061123,3.3497,
600463.SH,空港股份,20061124,3.578,
600463.SH,空港股份,20061127,3.5731,
600463.SH,空港股份,20061128,3.5979,
600463.SH,空港股份,20061129,3.5532,
600463.SH,空港股份,20061130,3.6624,
600463.SH,空港股份,20061201,3.5929,
600463.SH,空港股份,20061204,3.6078,
600463.SH,空港股份,20061205,3.6773,
600463.SH,空港股份,20061206,3.5135,
600463.SH,空港股份,20061207,3.4391,
600463.SH,空港股份,20061208,3.2703,
600463.SH,空港股份,20061211,3.3646,
600463.SH,空港股份,20061212,3.3547,
600463.SH,空港股份,20061213,3.32,
600463.SH,空港股份,20061214,3.4242,
600463.SH,空港股份,20061215,3.4242,
600463.SH,空港股份,20061218,3.4242,
600463.SH,空港股份,20061219,3.4837,
600463.SH,空港股份,20061220,3.4937,
600463.SH,空港股份,20061221,3.4192,
600463.SH,空港股份,20061222,3.449,
600463.SH,空港股份,20061225,3.454,
600463.SH,空港股份,20061226,3.3547,
600463.SH,空港股份,20061227,3.3448,
600463.SH,空港股份,20061228,3.3001,
600463.SH,空港股份,20061229,3.315,
600463.SH,空港股份,20070104,3.3249,
600463.SH,空港股份,20070105,3.3894,
600463.SH,空港股份,20070108,3.5532,
600463.SH,空港股份,20070109,3.5532,
600463.SH,空港股份,20070110,3.6425,
600463.SH,空港股份,20070111,3.583,
600463.SH,空港股份,20070112,3.4639,
600463.SH,空港股份,20070115,3.6177,
600463.SH,空港股份,20070116,3.7765,
600463.SH,空港股份,20070117,3.5433,
600463.SH,空港股份,20070118,3.5284,
600463.SH,空港股份,20070119,3.6425,
600463.SH,空港股份,20070122,4.0048,
600463.SH,空港股份,20070123,4.1785,
600463.SH,空港股份,20070124,4.0842,
600463.SH,空港股份,20070125,3.9105,
600463.SH,空港股份,20070126,3.9998,
600463.SH,空港股份,20070129,4.109,
600463.SH,空港股份,20070130,3.9353,
600463.SH,空港股份,20070131,3.8212,
600463.SH,空港股份,20070201,3.841,
600463.SH,空港股份,20070202,3.7914,
600463.SH,空港股份,20070205,3.851,
600463.SH,空港股份,20070206,3.9701,
600463.SH,空港股份,20070207,3.9353,
600463.SH,空港股份,20070208,3.9949,
600463.SH,空港股份,20070209,4.0445,
600463.SH,空港股份,20070212,4.1537,
600463.SH,空港股份,20070213,4.1537,
600463.SH,空港股份,20070214,4.2132,
600463.SH,空港股份,20070215,4.3671,
600463.SH,空港股份,20070216,4.3274,
600463.SH,空港股份,20070226,4.5755,
600463.SH,空港股份,20070227,4.2132,
600463.SH,空港股份,20070228,4.2132,
600463.SH,空港股份,20070301,4.382,
600463.SH,空港股份,20070302,4.6202,
600463.SH,空港股份,20070305,4.8038,
600463.SH,空港股份,20070306,4.6946,
600463.SH,空港股份,20070307,4.769,
600463.SH,空港股份,20070308,4.8087,
600463.SH,空港股份,20070309,4.6996,
600463.SH,空港股份,20070312,4.7045,
600463.SH,空港股份,20070313,4.774,
600463.SH,空港股份,20070314,4.6549,
600463.SH,空港股份,20070315,4.6648,
600463.SH,空港股份,20070316,4.6648,
600463.SH,空港股份,20070319,4.6003,
600463.SH,空港股份,20070320,4.7938,
600463.SH,空港股份,20070321,4.8782,
600463.SH,空港股份,20070322,4.8534,
600463.SH,空港股份,20070323,5.2107,
600463.SH,空港股份,20070326,5.3844,
600463.SH,空港股份,20070327,5.3596,
600463.SH,空港股份,20070328,5.5581,
600463.SH,空港股份,20070329,5.2206,
600463.SH,空港股份,20070330,5.2306,
600463.SH,空港股份,20070402,5.31,
600463.SH,空港股份,20070403,5.3695,
600463.SH,空港股份,20070404,5.3546,
600463.SH,空港股份,20070405,5.5581,
600463.SH,空港股份,20070406,5.5184,
600463.SH,空港股份,20070409,5.568,
600463.SH,空港股份,20070410,5.4836,
600463.SH,空港股份,20070411,5.4886,
600463.SH,空港股份,20070412,5.5978,
600463.SH,空港股份,20070413,5.7764,
600463.SH,空港股份,20070416,6.099,
600463.SH,空港股份,20070417,6.2032,
600463.SH,空港股份,20070418,6.1834,
600463.SH,空港股份,20070419,5.6375,
600463.SH,空港股份,20070420,5.9452,
600463.SH,空港股份,20070423,6.4613,
600463.SH,空港股份,20070424,6.5307,
600463.SH,空港股份,20070425,6.3701,
600463.SH,空港股份,20070426,6.3852,
600463.SH,空港股份,20070427,6.2095,
600463.SH,空港股份,20070430,6.2647,
600463.SH,空港股份,20070508,6.5809,
600463.SH,空港股份,20070509,6.3952,
600463.SH,空港股份,20070510,6.5659,
600463.SH,空港股份,20070511,6.4253,
600463.SH,空港股份,20070514,6.6613,
600463.SH,空港股份,20070515,6.2798,
600463.SH,空港股份,20070516,6.3902,
600463.SH,空港股份,20070517,6.601,
600463.SH,空港股份,20070518,6.601,
600463.SH,空港股份,20070521,6.7918,
600463.SH,空港股份,20070522,6.9775,
600463.SH,空港股份,20070523,7.1331,
600463.SH,空港股份,20070524,7.8459,
600463.SH,空港股份,20070525,7.7757,
600463.SH,空港股份,20070528,7.8761,
600463.SH,空港股份,20070529,8.1572,
600463.SH,空港股份,20070530,7.7004,
600463.SH,空港股份,20070531,8.4684,
600463.SH,空港股份,20070601,7.62,
600463.SH,空港股份,20070604,6.857,
600463.SH,空港股份,20070605,6.6512,
600463.SH,空港股份,20070606,6.6562,
600463.SH,空港股份,20070607,7.1281,
600463.SH,空港股份,20070608,7.0779,
600463.SH,空港股份,20070611,7.4996,
600463.SH,空港股份,20070612,8.1321,
600463.SH,空港股份,20070613,8.0668,
600463.SH,空港股份,20070614,7.9463,
600463.SH,空港股份,20070615,8.107,
600463.SH,空港股份,20070618,8.1521,
600463.SH,空港股份,20070619,8.2224,
600463.SH,空港股份,20070620,8.2375,
600463.SH,空港股份,20070621,8.0919,
600463.SH,空港股份,20070622,7.4945,
600463.SH,空港股份,20070625,6.7466,
600463.SH,空港股份,20070626,6.9022,
600463.SH,空港股份,20070627,7.0277,
600463.SH,空港股份,20070628,7.0277,
600463.SH,空港股份,20070629,6.3249,
600463.SH,空港股份,20070702,5.9886,
600463.SH,空港股份,20070703,6.099,
600463.SH,空港股份,20070704,5.8631,
600463.SH,空港股份,20070705,5.2808,
600463.SH,空港股份,20070706,5.582,
600463.SH,空港股份,20070709,5.8481,
600463.SH,空港股份,20070710,5.5268,
600463.SH,空港股份,20070711,5.6874,
600463.SH,空港股份,20070712,5.7226,
600463.SH,空港股份,20070713,5.6673,
600463.SH,空港股份,20070716,5.6673,
600463.SH,空港股份,20070717,5.8732,
600463.SH,空港股份,20070718,6.1693,
600463.SH,空港股份,20070719,6.2597,
600463.SH,空港股份,20070720,6.6412,
600463.SH,空港股份,20070723,6.8922,
600463.SH,空港股份,20070724,7.108,
600463.SH,空港股份,20070725,7.2436,
600463.SH,空港股份,20070726,7.2988,
600463.SH,空港股份,20070727,7.4042,
600463.SH,空港股份,20070730,7.5598,
600463.SH,空港股份,20070731,7.5196,
600463.SH,空港股份,20070801,7.113,
600463.SH,空港股份,20070802,7.6803,
600463.SH,空港股份,20070803,8.4483,
600463.SH,空港股份,20070806,8.6993,
600463.SH,空港股份,20070807,8.4834,
600463.SH,空港股份,20070808,8.1772,
600463.SH,空港股份,20070809,8.363,
600463.SH,空港股份,20070810,7.9012,
600463.SH,空港股份,20070813,7.5247,
600463.SH,空港股份,20070814,7.6753,
600463.SH,空港股份,20070815,7.4795,
600463.SH,空港股份,20070816,7.4795,
600463.SH,空港股份,20070817,7.7405,
600463.SH,空港股份,20070820,8.0467,
600463.SH,空港股份,20070821,7.9313,
600463.SH,空港股份,20070822,7.9263,
600463.SH,空港股份,20070823,8.0015,
600463.SH,空港股份,20070824,7.8861,
600463.SH,空港股份,20070827,7.7054,
600463.SH,空港股份,20070828,7.5799,
600463.SH,空港股份,20070829,7.6702,
600463.SH,空港股份,20070830,7.8309,
600463.SH,空港股份,20070831,7.871,
600463.SH,空港股份,20070903,8.107,
600463.SH,空港股份,20070904,8.1521,
600463.SH,空港股份,20070905,8.0216,
600463.SH,空港股份,20070906,8.0166,
600463.SH,空港股份,20070907,7.6401,
600463.SH,空港股份,20070910,7.7104,
600463.SH,空港股份,20070911,7.0779,
600463.SH,空港股份,20070912,7.2185,
600463.SH,空港股份,20070913,7.2636,
600463.SH,空港股份,20070914,7.4795,
600463.SH,空港股份,20070917,7.5447,
600463.SH,空港股份,20070918,7.4092,
600463.SH,空港股份,20070919,7.3289,
600463.SH,空港股份,20070920,7.354,
600463.SH,空港股份,20070921,7.8309,
600463.SH,空港股份,20070924,7.7154,
600463.SH,空港股份,20070925,7.4544,
600463.SH,空港股份,20070926,7.2787,
600463.SH,空港股份,20070927,7.3339,
600463.SH,空港股份,20070928,7.5598,
600463.SH,空港股份,20071008,7.7405,
600463.SH,空港股份,20071009,7.7857,
600463.SH,空港股份,20071010,7.6351,
600463.SH,空港股份,20071011,7.9764,
600463.SH,空港股份,20071012,7.615,
600463.SH,空港股份,20071015,7.8359,
600463.SH,空港股份,20071016,8.619,
600463.SH,空港股份,20071017,8.5939,
600463.SH,空港股份,20071018,7.9915,
600463.SH,空港股份,20071019,7.8309,
600463.SH,空港股份,20071022,8.0317,
600463.SH,空港股份,20071023,8.4583,
600463.SH,空港股份,20071024,8.4132,
600463.SH,空港股份,20071025,7.5698,
600463.SH,空港股份,20071026,6.8119,
600463.SH,空港股份,20071029,7.4293,
600463.SH,空港股份,20071030,7.5849,
600463.SH,空港股份,20071031,7.9714,
600463.SH,空港股份,20071101,7.7857,
600463.SH,空港股份,20071102,7.5949,
600463.SH,空港股份,20071105,7.7556,
600463.SH,空港股份,20071106,7.9764,
600463.SH,空港股份,20071107,7.7857,
600463.SH,空港股份,20071108,8.1772,
600463.SH,空港股份,20071109,7.7255,
600463.SH,空港股份,20071112,7.5146,
600463.SH,空港股份,20071113,7.3942,
600463.SH,空港股份,20071114,7.5648,
600463.SH,空港股份,20071115,7.3841,
600463.SH,空港股份,20071116,7.3841,
600463.SH,空港股份,20071119,7.5046,
600463.SH,空港股份,20071120,7.5648,
600463.SH,空港股份,20071121,7.4594,
600463.SH,空港股份,20071122,6.9123,
600463.SH,空港股份,20071123,6.9524,
600463.SH,空港股份,20071126,6.6864,
600463.SH,空港股份,20071127,6.4856,
600463.SH,空港股份,20071128,6.4103,
600463.SH,空港股份,20071129,6.596,
600463.SH,空港股份,20071130,6.4504,
600463.SH,空港股份,20071203,6.606,
600463.SH,空港股份,20071204,6.6211,
600463.SH,空港股份,20071205,6.7968,
600463.SH,空港股份,20071206,6.7466,
600463.SH,空港股份,20071207,6.8621,
600463.SH,空港股份,20071210,7.098,
600463.SH,空港股份,20071211,7.0227,
600463.SH,空港股份,20071212,7.0829,
600463.SH,空港股份,20071213,6.8068,
600463.SH,空港股份,20071214,6.9825,
600463.SH,空港股份,20071217,6.9173,
600463.SH,空港股份,20071218,6.8671,
600463.SH,空港股份,20071219,7.0628,
600463.SH,空港股份,20071220,7.103,
600463.SH,空港股份,20071221,7.1231,
600463.SH,空港股份,20071224,7.2636,
600463.SH,空港股份,20071225,7.2034,
600463.SH,空港股份,20071226,7.364,
600463.SH,空港股份,20071227,7.4293,
600463.SH,空港股份,20071228,7.4293,
600463.SH,空港股份,20080102,8.127,
600463.SH,空港股份,20080103,8.1572,
600463.SH,空港股份,20080104,8.4383,
600463.SH,空港股份,20080107,8.4383,
600463.SH,空港股份,20080108,8.112,
600463.SH,空港股份,20080109,8.2827,
600463.SH,空港股份,20080110,8.5989,
600463.SH,空港股份,20080111,8.5889,
600463.SH,空港股份,20080114,9.1862,
600463.SH,空港股份,20080115,9.121,
600463.SH,空港股份,20080116,9.0256,
600463.SH,空港股份,20080117,8.5286,
600463.SH,空港股份,20080118,8.5638,
600463.SH,空港股份,20080121,8.122,
600463.SH,空港股份,20080122,7.3088,
600463.SH,空港股份,20080123,7.605,
600463.SH,空港股份,20080124,7.7807,
600463.SH,空港股份,20080125,7.8811,
600463.SH,空港股份,20080128,7.093,
600463.SH,空港股份,20080129,7.2285,
600463.SH,空港股份,20080130,7.2636,
600463.SH,空港股份,20080131,7.3088,
600463.SH,空港股份,20080201,7.0177,
600463.SH,空港股份,20080204,7.5899,
600463.SH,空港股份,20080205,7.6301,
600463.SH,空港股份,20080213,7.5096,
600463.SH,空港股份,20080214,7.856,
600463.SH,空港股份,20080215,7.7656,
600463.SH,空港股份,20080218,8.0066,
600463.SH,空港股份,20080219,8.1973,
600463.SH,空港股份,20080220,8.0166,
600463.SH,空港股份,20080221,8.0568,
600463.SH,空港股份,20080222,7.9162,
600463.SH,空港股份,20080225,7.5247,
600463.SH,空港股份,20080226,7.6602,
600463.SH,空港股份,20080227,8.0367,
600463.SH,空港股份,20080228,8.1572,
600463.SH,空港股份,20080229,8.3027,
600463.SH,空港股份,20080303,9.131,
600463.SH,空港股份,20080304,9.1109,
600463.SH,空港股份,20080305,9.4774,
600463.SH,空港股份,20080306,9.387,
600463.SH,空港股份,20080307,9.0908,
600463.SH,空港股份,20080310,9.1561,
600463.SH,空港股份,20080311,9.1159,
600463.SH,空港股份,20080312,8.7545,
600463.SH,空港股份,20080313,8.5638,
600463.SH,空港股份,20080314,8.634,
600463.SH,空港股份,20080317,8.1019,
600463.SH,空港股份,20080318,7.4293,
600463.SH,空港股份,20080319,7.9363,
600463.SH,空港股份,20080320,8.7294,
600463.SH,空港股份,20080321,8.7294,
600463.SH,空港股份,20080324,8.9352,
600463.SH,空港股份,20080325,9.136,
600463.SH,空港股份,20080326,9.0155,
600463.SH,空港股份,20080327,8.5437,
600463.SH,空港股份,20080328,9.3519,
600463.SH,空港股份,20080331,8.8097,
600463.SH,空港股份,20080401,7.9313,
600463.SH,空港股份,20080402,7.4293,
600463.SH,空港股份,20080403,7.7204,
600463.SH,空港股份,20080407,8.1521,
600463.SH,空港股份,20080408,8.3027,
600463.SH,空港股份,20080409,7.6301,
600463.SH,空港股份,20080410,7.7907,
600463.SH,空港股份,20080411,8.0819,
600463.SH,空港股份,20080414,7.4644,
600463.SH,空港股份,20080415,7.856,
600463.SH,空港股份,20080416,7.5698,
600463.SH,空港股份,20080417,6.9825,
600463.SH,空港股份,20080418,6.3802,
600463.SH,空港股份,20080421,6.4956,
600463.SH,空港股份,20080422,6.3802,
600463.SH,空港股份,20080423,6.5659,
600463.SH,空港股份,20080424,7.2235,
600463.SH,空港股份,20080425,7.4544,
600463.SH,空港股份,20080428,7.5598,
600463.SH,空港股份,20080429,7.6351,
600463.SH,空港股份,20080430,7.871,
600463.SH,空港股份,20080505,8.2626,
600463.SH,空港股份,20080506,8.4734,
600463.SH,空港股份,20080507,7.9513,
600463.SH,空港股份,20080508,8.614,
600463.SH,空港股份,20080509,8.2676,
600463.SH,空港股份,20080512,8.34,
600463.SH,空港股份,20080513,7.7877,
600463.SH,空港股份,20080514,8.0503,
600463.SH,空港股份,20080515,8.1952,
600463.SH,空港股份,20080516,7.9597,
600463.SH,空港股份,20080519,7.7424,
600463.SH,空港股份,20080520,7.3077,
600463.SH,空港股份,20080521,7.4164,
600463.SH,空港股份,20080522,7.1357,
600463.SH,空港股份,20080523,6.9727,
600463.SH,空港股份,20080526,6.8097,
600463.SH,空港股份,20080527,6.9998,
600463.SH,空港股份,20080528,7.1809,
600463.SH,空港股份,20080529,6.8912,
600463.SH,空港股份,20080530,6.9998,
600463.SH,空港股份,20080602,7.0994,
600463.SH,空港股份,20080603,7.19,
600463.SH,空港股份,20080604,6.9817,
600463.SH,空港股份,20080605,6.9998,
600463.SH,空港股份,20080606,6.8459,
600463.SH,空港股份,20080610,6.1577,
600463.SH,空港股份,20080611,6.0581,
600463.SH,空港股份,20080612,6.3116,
600463.SH,空港股份,20080613,6.3116,
600463.SH,空港股份,20080616,5.7774,
600463.SH,空港股份,20080617,5.2703,
600463.SH,空港股份,20080618,5.5691,
600463.SH,空港股份,20080619,5.0167,
600463.SH,空港股份,20080620,5.0167,
600463.SH,空港股份,20080623,5.0529,
600463.SH,空港股份,20080624,5.3608,
600463.SH,空港股份,20080625,5.6596,
600463.SH,空港股份,20080626,5.7864,
600463.SH,空港股份,20080627,5.3246,
600463.SH,空港股份,20080630,5.4966,
600463.SH,空港股份,20080701,5.3518,
600463.SH,空港股份,20080702,5.3518,
600463.SH,空港股份,20080703,5.5691,
600463.SH,空港股份,20080704,5.7864,
600463.SH,空港股份,20080707,6.366,
600463.SH,空港股份,20080708,6.5652,
600463.SH,空港股份,20080709,6.5923,
600463.SH,空港股份,20080710,6.2301,
600463.SH,空港股份,20080711,6.4203,
600463.SH,空港股份,20080714,6.4746,
600463.SH,空港股份,20080715,6.3116,
600463.SH,空港股份,20080716,5.886,
600463.SH,空港股份,20080717,5.8951,
600463.SH,空港股份,20080718,6.4837,
600463.SH,空港股份,20080721,6.8006,
600463.SH,空港股份,20080722,6.7644,
600463.SH,空港股份,20080723,6.5923,
600463.SH,空港股份,20080724,6.8006,
600463.SH,空港股份,20080725,6.6105,
600463.SH,空港股份,20080728,6.7372,
600463.SH,空港股份,20080729,6.6738,
600463.SH,空港股份,20080730,6.6557,
600463.SH,空港股份,20080731,6.366,
600463.SH,空港股份,20080801,6.529,
600463.SH,空港股份,20080804,6.2211,
600463.SH,空港股份,20080805,6.0309,
600463.SH,空港股份,20080806,6.0943,
600463.SH,空港股份,20080807,6.2211,
600463.SH,空港股份,20080808,5.5962,
600463.SH,空港股份,20080811,5.0348,
600463.SH,空港股份,20080812,4.8356,
600463.SH,空港股份,20080813,4.7903,
600463.SH,空港股份,20080814,4.7903,
600463.SH,空港股份,20080815,4.7813,
600463.SH,空港股份,20080818,4.3013,
600463.SH,空港股份,20080819,4.3919,
600463.SH,空港股份,20080820,4.7903,
600463.SH,空港股份,20080821,4.4824,
600463.SH,空港股份,20080822,4.9352,
600463.SH,空港股份,20080825,5.0076,
600463.SH,空港股份,20080826,4.582,
600463.SH,空港股份,20080827,4.6092,
600463.SH,空港股份,20080828,4.5187,
600463.SH,空港股份,20080829,4.6364,
600463.SH,空港股份,20080901,4.4553,
600463.SH,空港股份,20080902,4.5005,
600463.SH,空港股份,20080903,4.5277,
600463.SH,空港股份,20080904,4.5458,
600463.SH,空港股份,20080905,4.1836,
600463.SH,空港股份,20080908,3.9391,
600463.SH,空港股份,20080909,4.0206,
600463.SH,空港股份,20080910,4.084,
600463.SH,空港股份,20080911,3.8938,
600463.SH,空港股份,20080912,3.9572,
600463.SH,空港股份,20080916,3.9391,
600463.SH,空港股份,20080917,3.8667,
600463.SH,空港股份,20080918,3.6222,
600463.SH,空港股份,20080919,3.9844,
600463.SH,空港股份,20080922,4.1293,
600463.SH,空港股份,20080923,3.8033,
600463.SH,空港股份,20080924,3.8033,
600463.SH,空港股份,20080925,3.8938,
600463.SH,空港股份,20080926,3.9572,
600463.SH,空港股份,20081006,3.7399,
600463.SH,空港股份,20081007,3.7671,
600463.SH,空港股份,20081008,3.6674,
600463.SH,空港股份,20081009,3.6403,
600463.SH,空港股份,20081010,3.3324,
600463.SH,空港股份,20081013,3.4139,
600463.SH,空港股份,20081014,3.432,
600463.SH,空港股份,20081015,3.432,
600463.SH,空港股份,20081016,3.4411,
600463.SH,空港股份,20081017,3.6131,
600463.SH,空港股份,20081020,3.758,
600463.SH,空港股份,20081021,3.6403,
600463.SH,空港股份,20081022,3.4229,
600463.SH,空港股份,20081023,3.4954,
600463.SH,空港股份,20081024,3.3686,
600463.SH,空港股份,20081027,3.0336,
600463.SH,空港股份,20081028,3.2237,
600463.SH,空港股份,20081029,3.1966,
600463.SH,空港股份,20081030,3.2418,
600463.SH,空港股份,20081031,2.9973,
600463.SH,空港股份,20081103,2.8887,
600463.SH,空港股份,20081104,2.9792,
600463.SH,空港股份,20081105,3.0517,
600463.SH,空港股份,20081106,2.9611,
600463.SH,空港股份,20081107,3.0064,
600463.SH,空港股份,20081110,3.2328,
600463.SH,空港股份,20081111,3.1875,
600463.SH,空港股份,20081112,3.2418,
600463.SH,空港股份,20081113,3.2418,
600463.SH,空港股份,20081114,3.5678,
600463.SH,空港股份,20081117,3.921,
600463.SH,空港股份,20081118,3.6946,
600463.SH,空港股份,20081119,3.9572,
600463.SH,空港股份,20081120,3.8576,
600463.SH,空港股份,20081121,3.9301,
600463.SH,空港股份,20081124,3.6765,
600463.SH,空港股份,20081125,3.6312,
600463.SH,空港股份,20081126,3.7127,
600463.SH,空港股份,20081127,3.8576,
600463.SH,空港股份,20081128,3.6222,
600463.SH,空港股份,20081201,3.7308,
600463.SH,空港股份,20081202,3.7942,
600463.SH,空港股份,20081203,3.9753,
600463.SH,空港股份,20081204,3.9663,
600463.SH,空港股份,20081205,4.1021,
600463.SH,空港股份,20081208,4.2379,
600463.SH,空港股份,20081209,4.0116,
600463.SH,空港股份,20081210,4.1745,
600463.SH,空港股份,20081211,4.084,
600463.SH,空港股份,20081212,3.9029,
600463.SH,空港股份,20081215,4.2108,
600463.SH,空港股份,20081216,4.3194,
600463.SH,空港股份,20081217,4.3104,
600463.SH,空港股份,20081218,4.3919,
600463.SH,空港股份,20081219,4.3647,
600463.SH,空港股份,20081222,4.2651,
600463.SH,空港股份,20081223,4.0297,
600463.SH,空港股份,20081224,3.921,
600463.SH,空港股份,20081225,4.0297,
600463.SH,空港股份,20081226,3.8938,
600463.SH,空港股份,20081229,3.7399,
600463.SH,空港股份,20081230,3.7399,
600463.SH,空港股份,20081231,3.5044,
600463.SH,空港股份,20090105,3.6674,
600463.SH,空港股份,20090106,3.8123,
600463.SH,空港股份,20090107,4.1927,
600463.SH,空港股份,20090108,4.0025,
600463.SH,空港股份,20090109,4.093,
600463.SH,空港股份,20090112,4.1112,
600463.SH,空港股份,20090113,3.9119,
600463.SH,空港股份,20090114,4.093,
600463.SH,空港股份,20090115,4.1474,
600463.SH,空港股份,20090116,4.1383,
600463.SH,空港股份,20090119,4.1564,
600463.SH,空港股份,20090120,4.1655,
600463.SH,空港股份,20090121,4.084,
600463.SH,空港股份,20090122,4.256,
600463.SH,空港股份,20090123,4.3104,
600463.SH,空港股份,20090202,4.5639,
600463.SH,空港股份,20090203,4.5911,
600463.SH,空港股份,20090204,4.5911,
600463.SH,空港股份,20090205,4.5549,
600463.SH,空港股份,20090206,4.7813,
600463.SH,空港股份,20090209,4.8537,
600463.SH,空港股份,20090210,5.3427,
600463.SH,空港股份,20090211,5.877,
600463.SH,空港股份,20090212,6.0219,
600463.SH,空港股份,20090213,6.0762,
600463.SH,空港股份,20090216,5.9222,
600463.SH,空港股份,20090217,5.5329,
600463.SH,空港股份,20090218,5.3789,
600463.SH,空港股份,20090219,5.3789,
600463.SH,空港股份,20090220,5.5238,
600463.SH,空港股份,20090223,5.723,
600463.SH,空港股份,20090224,5.2703,
600463.SH,空港股份,20090225,5.2884,
600463.SH,空港股份,20090226,4.9171,
600463.SH,空港股份,20090227,4.5277,
600463.SH,空港股份,20090302,4.736,
600463.SH,空港股份,20090303,4.745,
600463.SH,空港股份,20090304,5.0258,
600463.SH,空港股份,20090305,5.0258,
600463.SH,空港股份,20090306,5.0529,
600463.SH,空港股份,20090309,4.7903,
600463.SH,空港股份,20090310,4.8809,
600463.SH,空港股份,20090311,4.8718,
600463.SH,空港股份,20090312,4.9171,
600463.SH,空港股份,20090313,4.8356,
600463.SH,空港股份,20090316,5.0348,
600463.SH,空港股份,20090317,5.3065,
600463.SH,空港股份,20090318,5.2974,
600463.SH,空港股份,20090319,5.3427,
600463.SH,空港股份,20090320,5.3246,
600463.SH,空港股份,20090323,5.5148,
600463.SH,空港股份,20090324,5.6053,
600463.SH,空港股份,20090325,5.5329,
600463.SH,空港股份,20090326,5.6959,
600463.SH,空港股份,20090327,5.7411,
600463.SH,空港股份,20090330,5.7411,
600463.SH,空港股份,20090331,5.723,
600463.SH,空港股份,20090401,5.6868,
600463.SH,空港股份,20090402,5.6959,
600463.SH,空港股份,20090403,5.714,
600463.SH,空港股份,20090407,5.6777,
600463.SH,空港股份,20090408,5.5419,
600463.SH,空港股份,20090409,5.6053,
600463.SH,空港股份,20090410,5.7774,
600463.SH,空港股份,20090413,5.7592,
600463.SH,空港股份,20090414,5.8136,
600463.SH,空港股份,20090415,5.8317,
600463.SH,空港股份,20090416,6.0762,
600463.SH,空港股份,20090417,5.7774,
600463.SH,空港股份,20090420,5.9494,
600463.SH,空港股份,20090421,6.0943,
600463.SH,空港股份,20090422,5.5781,
600463.SH,空港股份,20090423,5.56,
600463.SH,空港股份,20090424,5.4604,
600463.SH,空港股份,20090427,5.2069,
600463.SH,空港股份,20090428,5.2431,
600463.SH,空港股份,20090429,5.4333,
600463.SH,空港股份,20090430,5.4876,
600463.SH,空港股份,20090504,6.04,
600463.SH,空港股份,20090505,6.1215,
600463.SH,空港股份,20090506,6.1215,
600463.SH,空港股份,20090507,5.9947,
600463.SH,空港股份,20090508,6.2211,
600463.SH,空港股份,20090511,5.7049,
600463.SH,空港股份,20090512,5.886,
600463.SH,空港股份,20090513,6.4746,
600463.SH,空港股份,20090514,6.4837,
600463.SH,空港股份,20090515,6.4746,
600463.SH,空港股份,20090518,6.5018,
600463.SH,空港股份,20090519,6.4746,
600463.SH,空港股份,20090520,6.4746,
600463.SH,空港股份,20090521,6.2252,
600463.SH,空港股份,20090522,6.2714,
600463.SH,空港股份,20090525,6.1883,
600463.SH,空港股份,20090526,6.1606,
600463.SH,空港股份,20090527,6.1421,
600463.SH,空港股份,20090601,6.2714,
600463.SH,空港股份,20090602,6.4377,
600463.SH,空港股份,20090603,6.6039,
600463.SH,空港股份,20090604,6.4284,
600463.SH,空港股份,20090605,6.2714,
600463.SH,空港股份,20090608,6.2991,
600463.SH,空港股份,20090609,6.5023,
600463.SH,空港股份,20090610,6.6224,
600463.SH,空港股份,20090611,6.3823,
600463.SH,空港股份,20090612,6.2622,
600463.SH,空港股份,20090615,6.4654,
600463.SH,空港股份,20090616,6.3915,
600463.SH,空港股份,20090617,6.5855,
600463.SH,空港股份,20090618,6.5855,
600463.SH,空港股份,20090619,6.724,
600463.SH,空港股份,20090622,6.5116,
600463.SH,空港股份,20090623,6.4562,
600463.SH,空港股份,20090624,6.4654,
600463.SH,空港股份,20090625,6.5116,
600463.SH,空港股份,20090626,6.5855,
600463.SH,空港股份,20090629,6.6593,
600463.SH,空港股份,20090630,6.6593,
600463.SH,空港股份,20090701,6.9919,
600463.SH,空港股份,20090702,7.1581,
600463.SH,空港股份,20090703,7.3613,
600463.SH,空港股份,20090706,7.1581,
600463.SH,空港股份,20090707,6.9549,
600463.SH,空港股份,20090708,7.1304,
600463.SH,空港股份,20090709,7.0935,
600463.SH,空港股份,20090710,7.2505,
600463.SH,空港股份,20090713,7.3244,
600463.SH,空港股份,20090714,7.426,
600463.SH,空港股份,20090715,7.3705,
600463.SH,空港股份,20090716,7.2135,
600463.SH,空港股份,20090717,7.2043,
600463.SH,空港股份,20090720,7.2782,
600463.SH,空港股份,20090721,7.1951,
600463.SH,空港股份,20090722,7.2689,
600463.SH,空港股份,20090723,7.3983,
600463.SH,空港股份,20090724,7.2135,
600463.SH,空港股份,20090727,7.2412,
600463.SH,空港股份,20090728,7.3336,
600463.SH,空港股份,20090729,6.6316,
600463.SH,空港股份,20090730,6.6224,
600463.SH,空港股份,20090731,6.881,
600463.SH,空港股份,20090803,6.9457,
600463.SH,空港股份,20090804,7.6384,
600463.SH,空港股份,20090805,7.3613,
600463.SH,空港股份,20090806,7.2412,
600463.SH,空港股份,20090807,6.9919,
600463.SH,空港股份,20090810,7.038,
600463.SH,空港股份,20090811,7.0657,
600463.SH,空港股份,20090812,6.7148,
600463.SH,空港股份,20090813,6.7887,
600463.SH,空港股份,20090814,6.3823,
600463.SH,空港股份,20090817,5.7727,
600463.SH,空港股份,20090818,5.9574,
600463.SH,空港股份,20090819,5.6157,
600463.SH,空港股份,20090820,5.8096,
600463.SH,空港股份,20090821,5.9666,
600463.SH,空港股份,20090824,6.0775,
600463.SH,空港股份,20090825,5.8281,
600463.SH,空港股份,20090826,6.0867,
600463.SH,空港股份,20090827,6.3453,
600463.SH,空港股份,20090828,6.216,
600463.SH,空港股份,20090831,5.6711,
600463.SH,空港股份,20090901,5.7727,
600463.SH,空港股份,20090902,5.8004,
600463.SH,空港股份,20090903,6.0867,
600463.SH,空港股份,20090904,6.1606,
600463.SH,空港股份,20090907,6.1329,
600463.SH,空港股份,20090908,6.2068,
600463.SH,空港股份,20090909,6.1975,
600463.SH,空港股份,20090910,6.1883,
600463.SH,空港股份,20090911,6.2714,
600463.SH,空港股份,20090914,6.5485,
600463.SH,空港股份,20090915,7.2043,
600463.SH,空港股份,20090916,7.2782,
600463.SH,空港股份,20090917,7.2505,
600463.SH,空港股份,20090918,6.8256,
600463.SH,空港股份,20090921,6.918,
600463.SH,空港股份,20090922,6.9734,
600463.SH,空港股份,20090923,7.0103,
600463.SH,空港股份,20090924,7.2043,
600463.SH,空港股份,20090925,6.8164,
600463.SH,空港股份,20090928,6.3915,
600463.SH,空港股份,20090929,6.1975,
600463.SH,空港股份,20090930,6.5208,
600463.SH,空港股份,20091009,6.8256,
600463.SH,空港股份,20091012,6.724,
600463.SH,空港股份,20091013,6.7609,
600463.SH,空港股份,20091014,6.881,
600463.SH,空港股份,20091015,6.7425,
600463.SH,空港股份,20091016,6.9734,
600463.SH,空港股份,20091019,7.1951,
600463.SH,空港股份,20091020,7.2689,
600463.SH,空港股份,20091021,7.1396,
600463.SH,空港股份,20091022,7.6569,
600463.SH,空港股份,20091023,7.74,
600463.SH,空港股份,20091026,7.546,
600463.SH,空港股份,20091027,7.3983,
600463.SH,空港股份,20091028,7.3983,
600463.SH,空港股份,20091029,7.0288,
600463.SH,空港股份,20091030,7.1304,
600463.SH,空港股份,20091102,7.3428,
600463.SH,空港股份,20091103,7.4906,
600463.SH,空港股份,20091104,7.4721,
600463.SH,空港股份,20091105,7.5276,
600463.SH,空港股份,20091106,7.5645,
600463.SH,空港股份,20091109,7.6107,
600463.SH,空港股份,20091110,7.6569,
600463.SH,空港股份,20091111,7.6753,
600463.SH,空港股份,20091112,7.703,
600463.SH,空港股份,20091113,7.6476,
600463.SH,空港股份,20091116,7.8601,
600463.SH,空港股份,20091117,7.8601,
600463.SH,空港股份,20091118,7.9432,
600463.SH,空港股份,20091119,8.2295,
600463.SH,空港股份,20091120,8.2849,
600463.SH,空港股份,20091123,8.4327,
600463.SH,空港股份,20091124,7.9062,
600463.SH,空港股份,20091125,8.7006,
600463.SH,空港股份,20091126,8.4142,
600463.SH,空港股份,20091127,7.8416,
600463.SH,空港股份,20091130,8.211,
600463.SH,空港股份,20091201,8.4974,
600463.SH,空港股份,20091202,8.5343,
600463.SH,空港股份,20091203,8.4974,
600463.SH,空港股份,20091204,8.6174,
600463.SH,空港股份,20091207,8.8206,
600463.SH,空港股份,20091208,9.0608,
600463.SH,空港股份,20091209,9.3563,
600463.SH,空港股份,20091210,9.4764,
600463.SH,空港股份,20091211,9.0238,
600463.SH,空港股份,20091214,9.4764,
600463.SH,空港股份,20091215,9.6519,
600463.SH,空港股份,20091216,9.772,
600463.SH,空港股份,20091217,9.3748,
600463.SH,空港股份,20091218,9.3102,
600463.SH,空港股份,20091221,9.6427,
600463.SH,空港股份,20091222,9.4118,
600463.SH,空港股份,20091223,9.4764,
600463.SH,空港股份,20091224,9.6888,
600463.SH,空港股份,20091225,9.3009,
600463.SH,空港股份,20091228,9.4487,
600463.SH,空港股份,20091229,9.1347,
600463.SH,空港股份,20091230,8.8761,
600463.SH,空港股份,20091231,8.9684,
600463.SH,空港股份,20100104,9.227,
600463.SH,空港股份,20100105,9.1347,
600463.SH,空港股份,20100106,9.2178,
600463.SH,空港股份,20100107,9.2363,
600463.SH,空港股份,20100108,9.227,
600463.SH,空港股份,20100111,8.6544,
600463.SH,空港股份,20100112,8.7006,
600463.SH,空港股份,20100113,8.6729,
600463.SH,空港股份,20100114,9.0146,
600463.SH,空港股份,20100115,9.3748,
600463.SH,空港股份,20100118,9.4764,
600463.SH,空港股份,20100119,9.5965,
600463.SH,空港股份,20100120,9.5872,
600463.SH,空港股份,20100121,9.4302,
600463.SH,空港股份,20100122,9.384,
600463.SH,空港股份,20100125,9.107,
600463.SH,空港股份,20100126,8.4974,
600463.SH,空港股份,20100127,7.8416,
600463.SH,空港股份,20100128,7.9986,
600463.SH,空港股份,20100129,8.0356,
600463.SH,空港股份,20100201,8.0725,
600463.SH,空港股份,20100202,8.0448,
600463.SH,空港股份,20100203,8.1187,
600463.SH,空港股份,20100204,8.1926,
600463.SH,空港股份,20100205,7.8878,
600463.SH,空港股份,20100208,7.8693,
600463.SH,空港股份,20100209,8.1649,
600463.SH,空港股份,20100210,8.1556,
600463.SH,空港股份,20100211,8.1187,
600463.SH,空港股份,20100212,8.0817,
600463.SH,空港股份,20100222,8.091,
600463.SH,空港股份,20100223,8.1741,
600463.SH,空港股份,20100224,8.2665,
600463.SH,空港股份,20100225,8.2665,
600463.SH,空港股份,20100226,8.3219,
600463.SH,空港股份,20100301,8.3773,
600463.SH,空港股份,20100302,8.4419,
600463.SH,空港股份,20100303,8.6082,
600463.SH,空港股份,20100304,8.3219,
600463.SH,空港股份,20100305,8.2942,
600463.SH,空港股份,20100308,8.3681,
600463.SH,空港股份,20100309,8.5528,
600463.SH,空港股份,20100310,8.3588,
600463.SH,空港股份,20100311,8.4512,
600463.SH,空港股份,20100312,8.405,
600463.SH,空港股份,20100315,8.405,
600463.SH,空港股份,20100316,8.211,
600463.SH,空港股份,20100317,8.5158,
600463.SH,空港股份,20100318,8.5713,
600463.SH,空港股份,20100319,8.756,
600463.SH,空港股份,20100322,8.6913,
600463.SH,空港股份,20100323,8.6267,
600463.SH,空港股份,20100324,8.4881,
600463.SH,空港股份,20100325,8.5713,
600463.SH,空港股份,20100326,8.6451,
600463.SH,空港股份,20100329,8.7006,
600463.SH,空港股份,20100330,8.6729,
600463.SH,空港股份,20100331,8.6174,
600463.SH,空港股份,20100401,8.7098,
600463.SH,空港股份,20100402,8.756,
600463.SH,空港股份,20100406,8.7006,
600463.SH,空港股份,20100407,8.7283,
600463.SH,空港股份,20100408,8.7745,
600463.SH,空港股份,20100409,9.0146,
600463.SH,空港股份,20100412,8.8761,
600463.SH,空港股份,20100413,8.7098,
600463.SH,空港股份,20100414,8.719,
600463.SH,空港股份,20100415,8.4604,
600463.SH,空港股份,20100416,8.1926,
600463.SH,空港股份,20100419,7.7308,
600463.SH,空港股份,20100420,7.7588,
600463.SH,空港股份,20100421,7.9458,
600463.SH,空港股份,20100422,7.899,
600463.SH,空港股份,20100423,7.9364,
600463.SH,空港股份,20100426,8.4599,
600463.SH,空港股份,20100427,8.1327,
600463.SH,空港股份,20100428,8.086,
600463.SH,空港股份,20100429,7.7495,
600463.SH,空港股份,20100430,7.4503,
600463.SH,空港股份,20100504,7.4223,
600463.SH,空港股份,20100505,7.6092,
600463.SH,空港股份,20100506,7.1418,
600463.SH,空港股份,20100507,6.9549,
600463.SH,空港股份,20100510,6.9923,
600463.SH,空港股份,20100511,6.7866,
600463.SH,空港股份,20100512,6.7866,
600463.SH,空港股份,20100513,6.9642,
600463.SH,空港股份,20100514,6.9642,
600463.SH,空港股份,20100517,6.2725,
600463.SH,空港股份,20100518,6.4033,
600463.SH,空港股份,20100519,6.1977,
600463.SH,空港股份,20100520,5.9733,
600463.SH,空港股份,20100521,6.1416,
600463.SH,空港股份,20100524,6.4314,
600463.SH,空港股份,20100525,6.2912,
600463.SH,空港股份,20100526,6.3847,
600463.SH,空港股份,20100527,6.4875,
600463.SH,空港股份,20100528,6.3566,
600463.SH,空港股份,20100531,6.0949,
600463.SH,空港股份,20100601,5.9827,
600463.SH,空港股份,20100602,6.1042,
600463.SH,空港股份,20100603,6.0294,
600463.SH,空港股份,20100604,6.0762,
600463.SH,空港股份,20100607,6.1229,
600463.SH,空港股份,20100608,6.0762,
600463.SH,空港股份,20100609,6.3005,
600463.SH,空港股份,20100610,6.581,
600463.SH,空港股份,20100611,6.609,
600463.SH,空港股份,20100617,6.609,
600463.SH,空港股份,20100618,6.2631,
600463.SH,空港股份,20100621,6.6277,
600463.SH,空港股份,20100622,6.5249,
600463.SH,空港股份,20100623,6.4688,
600463.SH,空港股份,20100624,6.4407,
600463.SH,空港股份,20100625,6.3286,
600463.SH,空港股份,20100628,6.1883,
600463.SH,空港股份,20100629,5.7583,
600463.SH,空港股份,20100630,5.562,
600463.SH,空港股份,20100701,5.5901,
600463.SH,空港股份,20100702,5.7677,
600463.SH,空港股份,20100705,5.6742,
600463.SH,空港股份,20100706,5.7864,
600463.SH,空港股份,20100707,5.9173,
600463.SH,空港股份,20100708,5.8799,
600463.SH,空港股份,20100709,6.0014,
600463.SH,空港股份,20100712,6.1136,
600463.SH,空港股份,20100713,5.8612,
600463.SH,空港股份,20100714,5.936,
600463.SH,空港股份,20100715,5.7677,
600463.SH,空港股份,20100716,5.8331,
600463.SH,空港股份,20100719,5.964,
600463.SH,空港股份,20100720,6.207,
600463.SH,空港股份,20100721,6.2164,
600463.SH,空港股份,20100722,6.2912,
600463.SH,空港股份,20100723,6.4968,
600463.SH,空港股份,20100726,6.4781,
600463.SH,空港股份,20100727,6.422,
600463.SH,空港股份,20100728,6.5436,
600463.SH,空港股份,20100729,6.5529,
600463.SH,空港股份,20100730,6.5529,
600463.SH,空港股份,20100802,6.9175,
600463.SH,空港股份,20100803,7.1605,
600463.SH,空港股份,20100804,7.5905,
600463.SH,空港股份,20100805,7.3008,
600463.SH,空港股份,20100806,7.1886,
600463.SH,空港股份,20100809,7.1886,
600463.SH,空港股份,20100810,6.7773,
600463.SH,空港股份,20100811,6.8988,
600463.SH,空港股份,20100812,6.796,
600463.SH,空港股份,20100813,6.9549,
600463.SH,空港股份,20100816,7.0484,
600463.SH,空港股份,20100817,7.1418,
600463.SH,空港股份,20100818,7.1418,
600463.SH,空港股份,20100819,7.0671,
600463.SH,空港股份,20100820,6.8147,
600463.SH,空港股份,20100823,6.824,
600463.SH,空港股份,20100824,6.9268,
600463.SH,空港股份,20100825,6.6931,
600463.SH,空港股份,20100826,6.7492,
600463.SH,空港股份,20100827,6.8334,
600463.SH,空港股份,20100830,6.9081,
600463.SH,空港股份,20100831,6.8988,
600463.SH,空港股份,20100901,7.011,
600463.SH,空港股份,20100902,7.0203,
600463.SH,空港股份,20100903,7.039,
600463.SH,空港股份,20100906,7.1605,
600463.SH,空港股份,20100907,7.0951,
600463.SH,空港股份,20100908,7.0297,
600463.SH,空港股份,20100909,6.796,
600463.SH,空港股份,20100910,6.8707,
600463.SH,空港股份,20100913,6.9829,
600463.SH,空港股份,20100914,6.9175,
600463.SH,空港股份,20100915,6.9268,
600463.SH,空港股份,20100916,6.6651,
600463.SH,空港股份,20100917,6.7586,
600463.SH,空港股份,20100920,6.6744,
600463.SH,空港股份,20100921,6.8801,
600463.SH,空港股份,20100927,7.2914,
600463.SH,空港股份,20100928,7.0764,
600463.SH,空港股份,20100929,6.7866,
600463.SH,空港股份,20100930,6.824,
600463.SH,空港股份,20101008,6.8988,
600463.SH,空港股份,20101011,7.011,
600463.SH,空港股份,20101012,7.0016,
600463.SH,空港股份,20101013,7.0016,
600463.SH,空港股份,20101014,6.8801,
600463.SH,空港股份,20101015,6.8334,
600463.SH,空港股份,20101018,7.0297,
600463.SH,空港股份,20101019,7.0857,
600463.SH,空港股份,20101020,6.9549,
600463.SH,空港股份,20101021,7.0857,
600463.SH,空港股份,20101022,6.9923,
600463.SH,空港股份,20101025,7.1792,
600463.SH,空港股份,20101026,7.1886,
600463.SH,空港股份,20101027,7.1699,
600463.SH,空港股份,20101028,7.3568,
600463.SH,空港股份,20101029,7.2634,
600463.SH,空港股份,20101101,7.3568,
600463.SH,空港股份,20101102,7.3849,
600463.SH,空港股份,20101103,7.3194,
600463.SH,空港股份,20101104,7.4036,
600463.SH,空港股份,20101105,7.5718,
600463.SH,空港股份,20101108,7.7027,
600463.SH,空港股份,20101109,7.8429,
600463.SH,空港股份,20101110,7.6934,
600463.SH,空港股份,20101111,7.6373,
600463.SH,空港股份,20101112,7.0016,
600463.SH,空港股份,20101115,7.1044,
600463.SH,空港股份,20101116,6.9268,
600463.SH,空港股份,20101117,7.039,
600463.SH,空港股份,20101118,6.9175,
600463.SH,空港股份,20101119,6.9175,
600463.SH,空港股份,20101122,6.9829,
600463.SH,空港股份,20101123,6.9923,
600463.SH,空港股份,20101124,7.0484,
600463.SH,空港股份,20101125,7.1231,
600463.SH,空港股份,20101126,7.0951,
600463.SH,空港股份,20101129,7.0764,
600463.SH,空港股份,20101130,6.796,
600463.SH,空港股份,20101201,6.8053,
600463.SH,空港股份,20101202,6.8521,
600463.SH,空港股份,20101203,6.8894,
600463.SH,空港股份,20101206,6.8334,
600463.SH,空港股份,20101207,6.8801,
600463.SH,空港股份,20101208,6.824,
600463.SH,空港股份,20101209,6.7586,
600463.SH,空港股份,20101210,6.8053,
600463.SH,空港股份,20101213,6.9455,
600463.SH,空港股份,20101214,6.9923,
600463.SH,空港股份,20101215,6.9829,
600463.SH,空港股份,20101216,6.9736,
600463.SH,空港股份,20101217,7.0297,
600463.SH,空港股份,20101220,6.8988,
600463.SH,空港股份,20101221,7.1605,
600463.SH,空港股份,20101222,7.0577,
600463.SH,空港股份,20101223,6.9549,
600463.SH,空港股份,20101224,6.9549,
600463.SH,空港股份,20101227,6.7399,
600463.SH,空港股份,20101228,6.5436,
600463.SH,空港股份,20101229,6.5529,
600463.SH,空港股份,20101230,6.5436,
600463.SH,空港股份,20101231,6.5997,
600463.SH,空港股份,20110104,6.7679,
600463.SH,空港股份,20110105,6.7399,
600463.SH,空港股份,20110106,6.7773,
600463.SH,空港股份,20110107,6.7773,
600463.SH,空港股份,20110110,6.5903,
600463.SH,空港股份,20110111,6.6744,
600463.SH,空港股份,20110112,6.7305,
600463.SH,空港股份,20110113,6.7025,
600463.SH,空港股份,20110114,6.5623,
600463.SH,空港股份,20110117,6.2351,
600463.SH,空港股份,20110118,6.3473,
600463.SH,空港股份,20110119,6.4127,
600463.SH,空港股份,20110120,6.2538,
600463.SH,空港股份,20110121,6.3192,
600463.SH,空港股份,20110124,6.2725,
600463.SH,空港股份,20110125,6.1883,
600463.SH,空港股份,20110126,6.2444,
600463.SH,空港股份,20110127,6.2818,
600463.SH,空港股份,20110128,6.2538,
600463.SH,空港股份,20110131,6.3192,
600463.SH,空港股份,20110201,6.3566,
600463.SH,空港股份,20110209,6.2912,
600463.SH,空港股份,20110210,6.422,
600463.SH,空港股份,20110211,6.5623,
600463.SH,空港股份,20110214,6.6464,
600463.SH,空港股份,20110215,6.581,
600463.SH,空港股份,20110216,6.6557,
600463.SH,空港股份,20110217,6.6277,
600463.SH,空港股份,20110218,6.609,
600463.SH,空港股份,20110221,6.7025,
600463.SH,空港股份,20110222,6.5997,
600463.SH,空港股份,20110223,6.7866,
600463.SH,空港股份,20110224,6.8427,
600463.SH,空港股份,20110225,6.9549,
600463.SH,空港股份,20110228,7.0577,
600463.SH,空港股份,20110301,7.5625,
600463.SH,空港股份,20110302,7.8336,
600463.SH,空港股份,20110303,7.684,
600463.SH,空港股份,20110304,7.7027,
600463.SH,空港股份,20110307,7.6092,
600463.SH,空港股份,20110308,7.656,
600463.SH,空港股份,20110309,7.6747,
600463.SH,空港股份,20110310,7.4877,
600463.SH,空港股份,20110311,7.3475,
600463.SH,空港股份,20110314,7.469,
600463.SH,空港股份,20110315,7.3381,
600463.SH,空港股份,20110316,7.469,
600463.SH,空港股份,20110317,7.1979,
600463.SH,空港股份,20110318,7.2353,
600463.SH,空港股份,20110321,7.2821,
600463.SH,空港股份,20110322,7.226,
600463.SH,空港股份,20110323,7.226,
600463.SH,空港股份,20110324,7.3288,
600463.SH,空港股份,20110325,7.3662,
600463.SH,空港股份,20110328,7.5251,
600463.SH,空港股份,20110329,7.6934,
600463.SH,空港股份,20110330,7.5064,
600463.SH,空港股份,20110331,7.3662,
600463.SH,空港股份,20110401,7.4316,
600463.SH,空港股份,20110406,7.3662,
600463.SH,空港股份,20110407,7.3942,
600463.SH,空港股份,20110408,7.5064,
600463.SH,空港股份,20110411,7.3755,
600463.SH,空港股份,20110412,7.3194,
600463.SH,空港股份,20110413,7.6092,
600463.SH,空港股份,20110414,7.6092,
600463.SH,空港股份,20110415,7.6466,
600463.SH,空港股份,20110418,7.7495,
600463.SH,空港股份,20110419,7.5905,
600463.SH,空港股份,20110420,7.6279,
600463.SH,空港股份,20110421,7.684,
600463.SH,空港股份,20110422,7.3849,
600463.SH,空港股份,20110425,7.2727,
600463.SH,空港股份,20110426,7.226,
600463.SH,空港股份,20110427,7.1231,
600463.SH,空港股份,20110428,6.824,
600463.SH,空港股份,20110429,6.9642,
600463.SH,空港股份,20110503,7.011,
600463.SH,空港股份,20110504,7.2447,
600463.SH,空港股份,20110505,7.3194,
600463.SH,空港股份,20110506,7.2166,
600463.SH,空港股份,20110509,7.2073,
600463.SH,空港股份,20110510,7.0951,
600463.SH,空港股份,20110511,7.1605,
600463.SH,空港股份,20110512,7.0951,
600463.SH,空港股份,20110513,7.1792,
600463.SH,空港股份,20110516,7.2447,
600463.SH,空港股份,20110517,7.2352,
600463.SH,空港股份,20110518,7.2541,
600463.SH,空港股份,20110519,7.2258,
600463.SH,空港股份,20110520,7.188,
600463.SH,空港股份,20110523,6.7913,
600463.SH,空港股份,20110524,6.8291,
600463.SH,空港股份,20110525,6.8196,
600463.SH,空港股份,20110526,6.8007,
600463.SH,空港股份,20110527,6.574,
600463.SH,空港股份,20110530,6.489,
600463.SH,空港股份,20110531,6.574,
600463.SH,空港股份,20110601,6.6402,
600463.SH,空港股份,20110602,6.4985,
600463.SH,空港股份,20110603,6.7535,
600463.SH,空港股份,20110607,6.6874,
600463.SH,空港股份,20110608,6.7063,
600463.SH,空港股份,20110609,6.5363,
600463.SH,空港股份,20110610,6.5079,
600463.SH,空港股份,20110613,6.489,
600463.SH,空港股份,20110614,6.5929,
600463.SH,空港股份,20110615,6.7157,
600463.SH,空港股份,20110616,6.5174,
600463.SH,空港股份,20110617,6.489,
600463.SH,空港股份,20110620,6.3568,
600463.SH,空港股份,20110621,6.404,
600463.SH,空港股份,20110622,6.4324,
600463.SH,空港股份,20110623,6.489,
600463.SH,空港股份,20110624,6.6496,
600463.SH,空港股份,20110627,6.6779,
600463.SH,空港股份,20110628,6.6874,
600463.SH,空港股份,20110629,6.6496,
600463.SH,空港股份,20110630,6.7724,
600463.SH,空港股份,20110701,6.7724,
600463.SH,空港股份,20110704,6.848,
600463.SH,空港股份,20110705,6.8385,
600463.SH,空港股份,20110706,6.7724,
600463.SH,空港股份,20110707,6.848,
600463.SH,空港股份,20110708,6.8574,
600463.SH,空港股份,20110711,6.8574,
600463.SH,空港股份,20110712,6.7913,
600463.SH,空港股份,20110713,6.9424,
600463.SH,空港股份,20110714,7.2258,
600463.SH,空港股份,20110715,7.273,
600463.SH,空港股份,20110718,7.3297,
600463.SH,空港股份,20110719,7.2636,
600463.SH,空港股份,20110720,7.103,
600463.SH,空港股份,20110721,6.8007,
600463.SH,空港股份,20110722,6.8196,
600463.SH,空港股份,20110725,6.4512,
600463.SH,空港股份,20110726,6.5079,
600463.SH,空港股份,20110727,6.6496,
600463.SH,空港股份,20110728,6.6402,
600463.SH,空港股份,20110729,6.7724,
600463.SH,空港股份,20110801,6.7441,
600463.SH,空港股份,20110802,6.6402,
600463.SH,空港股份,20110803,6.7441,
600463.SH,空港股份,20110804,6.7535,
600463.SH,空港股份,20110805,6.4701,
600463.SH,空港股份,20110808,5.9506,
600463.SH,空港股份,20110809,5.9506,
600463.SH,空港股份,20110810,6.0923,
600463.SH,空港股份,20110811,6.1679,
600463.SH,空港股份,20110812,6.2057,
600463.SH,空港股份,20110815,6.2057,
600463.SH,空港股份,20110816,6.2623,
600463.SH,空港股份,20110817,6.2718,
600463.SH,空港股份,20110818,6.1018,
600463.SH,空港股份,20110819,6.1584,
600463.SH,空港股份,20110822,6.1773,
600463.SH,空港股份,20110823,6.2623,
600463.SH,空港股份,20110824,6.2151,
600463.SH,空港股份,20110825,6.404,
600463.SH,空港股份,20110826,6.404,
600463.SH,空港股份,20110829,6.4324,
600463.SH,空港股份,20110830,6.3946,
600463.SH,空港股份,20110831,6.3946,
600463.SH,空港股份,20110901,6.404,
600463.SH,空港股份,20110902,6.2434,
600463.SH,空港股份,20110905,6.1112,
600463.SH,空港股份,20110906,6.1018,
600463.SH,空港股份,20110907,6.2151,
600463.SH,空港股份,20110908,6.1962,
600463.SH,空港股份,20110909,6.2151,
600463.SH,空港股份,20110913,6.1112,
600463.SH,空港股份,20110914,6.234,
600463.SH,空港股份,20110915,6.1868,
600463.SH,空港股份,20110916,6.1868,
600463.SH,空港股份,20110919,6.0545,
600463.SH,空港股份,20110920,6.064,
600463.SH,空港股份,20110921,6.2907,
600463.SH,空港股份,20110922,6.1018,
600463.SH,空港股份,20110923,6.1112,
600463.SH,空港股份,20110926,6.1112,
600463.SH,空港股份,20110927,6.0734,
600463.SH,空港股份,20110928,6.1584,
600463.SH,空港股份,20110929,5.7334,
600463.SH,空港股份,20110930,5.7617,
600463.SH,空港股份,20111010,5.6767,
600463.SH,空港股份,20111011,5.7334,
600463.SH,空港股份,20111012,5.9034,
600463.SH,空港股份,20111013,5.9412,
600463.SH,空港股份,20111014,5.8845,
600463.SH,空港股份,20111017,5.9129,
600463.SH,空港股份,20111018,5.7051,
600463.SH,空港股份,20111019,5.6673,
600463.SH,空港股份,20111020,5.4878,
600463.SH,空港股份,20111021,5.45,
600463.SH,空港股份,20111024,5.5634,
600463.SH,空港股份,20111025,5.7523,
600463.SH,空港股份,20111026,5.7901,
600463.SH,空港股份,20111027,5.7901,
600463.SH,空港股份,20111028,5.894,
600463.SH,空港股份,20111031,5.8845,
600463.SH,空港股份,20111101,5.8562,
600463.SH,空港股份,20111102,5.9034,
600463.SH,空港股份,20111103,5.9317,
600463.SH,空港股份,20111104,6.0262,
600463.SH,空港股份,20111107,5.9317,
600463.SH,空港股份,20111108,6.064,
600463.SH,空港股份,20111109,6.1112,
600463.SH,空港股份,20111110,5.9034,
600463.SH,空港股份,20111111,5.9601,
600463.SH,空港股份,20111114,6.0451,
600463.SH,空港股份,20111115,6.1018,
600463.SH,空港股份,20111116,6.1112,
600463.SH,空港股份,20111117,6.1018,
600463.SH,空港股份,20111118,5.9601,
600463.SH,空港股份,20111121,5.979,
600463.SH,空港股份,20111122,6.0451,
600463.SH,空港股份,20111123,5.9884,
600463.SH,空港股份,20111124,5.9034,
600463.SH,空港股份,20111125,5.8751,
600463.SH,空港股份,20111128,5.9129,
600463.SH,空港股份,20111129,5.9412,
600463.SH,空港股份,20111130,5.6012,
600463.SH,空港股份,20111201,5.7428,
600463.SH,空港股份,20111202,5.5634,
600463.SH,空港股份,20111205,5.4595,
600463.SH,空港股份,20111206,5.4784,
600463.SH,空港股份,20111207,5.4689,
600463.SH,空港股份,20111208,5.4595,
600463.SH,空港股份,20111209,5.4595,
600463.SH,空港股份,20111212,5.4311,
600463.SH,空港股份,20111213,5.195,
600463.SH,空港股份,20111214,5.0628,
600463.SH,空港股份,20111215,4.9305,
600463.SH,空港股份,20111216,5.0344,
600463.SH,空港股份,20111219,5.0533,
600463.SH,空港股份,20111220,5.0533,
600463.SH,空港股份,20111221,4.9589,
600463.SH,空港股份,20111222,4.855,
600463.SH,空港股份,20111223,4.8455,
600463.SH,空港股份,20111226,4.8077,
600463.SH,空港股份,20111227,4.6472,
600463.SH,空港股份,20111228,4.5716,
600463.SH,空港股份,20111229,4.581,
600463.SH,空港股份,20111230,4.6377,
600463.SH,空港股份,20120104,4.5433,
600463.SH,空港股份,20120105,4.3071,
600463.SH,空港股份,20120106,4.3449,
600463.SH,空港股份,20120109,4.5622,
600463.SH,空港股份,20120110,4.7322,
600463.SH,空港股份,20120111,4.7038,
600463.SH,空港股份,20120112,4.7322,
600463.SH,空港股份,20120113,4.5527,
600463.SH,空港股份,20120116,4.4299,
600463.SH,空港股份,20120117,4.6472,
600463.SH,空港股份,20120118,4.5905,
600463.SH,空港股份,20120119,4.6755,
600463.SH,空港股份,20120120,4.7322,
600463.SH,空港股份,20120130,4.6661,
600463.SH,空港股份,20120131,4.6849,
600463.SH,空港股份,20120201,4.6661,
600463.SH,空港股份,20120202,4.7605,
600463.SH,空港股份,20120203,4.8455,
600463.SH,空港股份,20120206,4.8739,
600463.SH,空港股份,20120207,4.8172,
600463.SH,空港股份,20120208,5.195,
600463.SH,空港股份,20120209,5.1194,
600463.SH,空港股份,20120210,5.2895,
600463.SH,空港股份,20120213,5.3461,
600463.SH,空港股份,20120214,5.4217,
600463.SH,空港股份,20120215,5.3934,
600463.SH,空港股份,20120216,5.3367,
600463.SH,空港股份,20120217,5.2706,
600463.SH,空港股份,20120220,5.2989,
600463.SH,空港股份,20120221,5.3556,
600463.SH,空港股份,20120222,5.4595,
600463.SH,空港股份,20120223,5.4689,
600463.SH,空港股份,20120224,5.6578,
600463.SH,空港股份,20120227,5.5823,
600463.SH,空港股份,20120228,5.5067,
600463.SH,空港股份,20120229,5.4689,
600463.SH,空港股份,20120301,5.4878,
600463.SH,空港股份,20120302,5.5634,
600463.SH,空港股份,20120305,5.5445,
600463.SH,空港股份,20120306,5.5445,
600463.SH,空港股份,20120307,5.3839,
600463.SH,空港股份,20120308,5.4595,
600463.SH,空港股份,20120309,5.5634,
600463.SH,空港股份,20120312,5.5728,
600463.SH,空港股份,20120313,5.6106,
600463.SH,空港股份,20120314,5.28,
600463.SH,空港股份,20120315,5.1005,
600463.SH,空港股份,20120316,5.1856,
600463.SH,空港股份,20120319,5.3556,
600463.SH,空港股份,20120320,5.2895,
600463.SH,空港股份,20120321,5.3272,
600463.SH,空港股份,20120322,5.3934,
600463.SH,空港股份,20120323,5.195,
600463.SH,空港股份,20120326,5.195,
600463.SH,空港股份,20120327,5.3461,
600463.SH,空港股份,20120328,5.1478,
600463.SH,空港股份,20120329,5.1478,
600463.SH,空港股份,20120330,5.2139,
600463.SH,空港股份,20120405,5.5161,
600463.SH,空港股份,20120406,5.5067,
600463.SH,空港股份,20120409,5.3272,
600463.SH,空港股份,20120410,5.2895,
600463.SH,空港股份,20120411,5.5445,
600463.SH,空港股份,20120412,5.5728,
600463.SH,空港股份,20120413,5.5634,
600463.SH,空港股份,20120416,5.7428,
600463.SH,空港股份,20120417,5.4878,
600463.SH,空港股份,20120418,5.62,
600463.SH,空港股份,20120419,5.6012,
600463.SH,空港股份,20120420,5.7051,
600463.SH,空港股份,20120423,5.7806,
600463.SH,空港股份,20120424,5.979,
600463.SH,空港股份,20120425,6.1584,
600463.SH,空港股份,20120426,6.0168,
600463.SH,空港股份,20120427,6.0168,
600463.SH,空港股份,20120502,5.9979,
600463.SH,空港股份,20120503,5.9884,
600463.SH,空港股份,20120504,6.0073,
600463.SH,空港股份,20120507,6.0734,
600463.SH,空港股份,20120508,6.0168,
600463.SH,空港股份,20120509,5.8278,
600463.SH,空港股份,20120510,5.8278,
600463.SH,空港股份,20120511,5.7617,
600463.SH,空港股份,20120514,5.7806,
600463.SH,空港股份,20120515,5.6956,
600463.SH,空港股份,20120516,5.6673,
600463.SH,空港股份,20120517,5.7428,
600463.SH,空港股份,20120518,5.6673,
600463.SH,空港股份,20120521,5.7712,
600463.SH,空港股份,20120522,5.9034,
600463.SH,空港股份,20120523,5.8467,
600463.SH,空港股份,20120524,5.8278,
600463.SH,空港股份,20120525,5.7523,
600463.SH,空港股份,20120528,5.8467,
600463.SH,空港股份,20120529,5.9601,
600463.SH,空港股份,20120530,5.9412,
600463.SH,空港股份,20120531,5.9223,
600463.SH,空港股份,20120601,5.9695,
600463.SH,空港股份,20120604,5.7523,
600463.SH,空港股份,20120605,5.7995,
600463.SH,空港股份,20120606,5.7145,
600463.SH,空港股份,20120607,5.6673,
600463.SH,空港股份,20120608,5.5445,
600463.SH,空港股份,20120611,5.6862,
600463.SH,空港股份,20120612,5.6578,
600463.SH,空港股份,20120613,5.7428,
600463.SH,空港股份,20120614,5.7145,
600463.SH,空港股份,20120615,5.6767,
600463.SH,空港股份,20120618,5.7712,
600463.SH,空港股份,20120619,5.752,
600463.SH,空港股份,20120620,5.7136,
600463.SH,空港股份,20120621,5.5599,
600463.SH,空港股份,20120625,5.4735,
600463.SH,空港股份,20120626,5.4831,
600463.SH,空港股份,20120627,5.3775,
600463.SH,空港股份,20120628,5.195,
600463.SH,空港股份,20120629,5.243,
600463.SH,空港股份,20120702,5.2814,
600463.SH,空港股份,20120703,5.3679,
600463.SH,空港股份,20120704,5.3006,
600463.SH,空港股份,20120705,5.147,
600463.SH,空港股份,20120706,5.147,
600463.SH,空港股份,20120709,5.0798,
600463.SH,空港股份,20120710,5.0606,
600463.SH,空港股份,20120711,5.0798,
600463.SH,空港股份,20120712,5.1854,
600463.SH,空港股份,20120713,5.1758,
600463.SH,空港股份,20120716,4.9838,
600463.SH,空港股份,20120717,5.0222,
600463.SH,空港股份,20120718,5.0606,
600463.SH,空港股份,20120719,5.1182,
600463.SH,空港股份,20120720,5.0414,
600463.SH,空港股份,20120723,4.9646,
600463.SH,空港股份,20120724,5.0222,
600463.SH,空港股份,20120725,5.0222,
600463.SH,空港股份,20120726,4.8973,
600463.SH,空港股份,20120727,4.9357,
600463.SH,空港股份,20120730,4.8205,
600463.SH,空港股份,20120731,4.7437,
600463.SH,空港股份,20120801,4.7629,
600463.SH,空港股份,20120802,4.6573,
600463.SH,空港股份,20120803,4.7917,
600463.SH,空港股份,20120806,4.9646,
600463.SH,空港股份,20120807,5.003,
600463.SH,空港股份,20120808,4.955,
600463.SH,空港股份,20120809,5.0414,
600463.SH,空港股份,20120810,5.0318,
600463.SH,空港股份,20120813,4.955,
600463.SH,空港股份,20120814,4.9838,
600463.SH,空港股份,20120815,4.9742,
600463.SH,空港股份,20120816,4.9069,
600463.SH,空港股份,20120817,5.0414,
600463.SH,空港股份,20120820,5.0318,
600463.SH,空港股份,20120821,5.0318,
600463.SH,空港股份,20120822,4.955,
600463.SH,空港股份,20120823,5.0222,
600463.SH,空港股份,20120824,5.0222,
600463.SH,空港股份,20120827,4.9261,
600463.SH,空港股份,20120828,4.9646,
600463.SH,空港股份,20120829,4.955,
600463.SH,空港股份,20120830,4.9069,
600463.SH,空港股份,20120831,4.9357,
600463.SH,空港股份,20120903,4.9934,
600463.SH,空港股份,20120904,4.9838,
600463.SH,空港股份,20120905,5.051,
600463.SH,空港股份,20120906,5.0606,
600463.SH,空港股份,20120907,5.1566,
600463.SH,空港股份,20120910,5.1854,
600463.SH,空港股份,20120911,5.1854,
600463.SH,空港股份,20120912,5.1854,
600463.SH,空港股份,20120913,5.0894,
600463.SH,空港股份,20120914,5.0894,
600463.SH,空港股份,20120917,4.9165,
600463.SH,空港股份,20120918,4.955,
600463.SH,空港股份,20120919,5.003,
600463.SH,空港股份,20120920,4.8589,
600463.SH,空港股份,20120921,4.8589,
600463.SH,空港股份,20120924,4.8589,
600463.SH,空港股份,20120925,4.7725,
600463.SH,空港股份,20120926,4.6381,
600463.SH,空港股份,20120927,4.7725,
600463.SH,空港股份,20120928,4.8685,
600463.SH,空港股份,20121008,4.8109,
600463.SH,空港股份,20121009,4.9165,
600463.SH,空港股份,20121010,4.9261,
600463.SH,空港股份,20121011,4.8685,
600463.SH,空港股份,20121012,4.9165,
600463.SH,空港股份,20121015,4.8685,
600463.SH,空港股份,20121016,4.8685,
600463.SH,空港股份,20121017,4.8685,
600463.SH,空港股份,20121018,4.9646,
600463.SH,空港股份,20121019,4.9646,
600463.SH,空港股份,20121022,5.0318,
600463.SH,空港股份,20121023,4.9934,
600463.SH,空港股份,20121024,4.9646,
600463.SH,空港股份,20121025,4.9165,
600463.SH,空港股份,20121026,4.8301,
600463.SH,空港股份,20121029,4.8973,
600463.SH,空港股份,20121030,4.9165,
600463.SH,空港股份,20121031,4.8973,
600463.SH,空港股份,20121101,5.099,
600463.SH,空港股份,20121102,5.2718,
600463.SH,空港股份,20121105,5.2238,
600463.SH,空港股份,20121106,5.1374,
600463.SH,空港股份,20121107,5.0798,
600463.SH,空港股份,20121108,5.5887,
600463.SH,空港股份,20121109,5.704,
600463.SH,空港股份,20121112,6.0016,
600463.SH,空港股份,20121113,5.6367,
600463.SH,空港股份,20121114,5.6079,
600463.SH,空港股份,20121115,5.3487,
600463.SH,空港股份,20121116,5.4063,
600463.SH,空港股份,20121119,5.4351,
600463.SH,空港股份,20121120,5.5407,
600463.SH,空港股份,20121121,5.8384,
600463.SH,空港股份,20121122,5.7136,
600463.SH,空港股份,20121123,5.5599,
600463.SH,空港股份,20121126,5.8864,
600463.SH,空港股份,20121127,5.6367,
600463.SH,空港股份,20121128,5.3679,
600463.SH,空港股份,20121129,5.4447,
600463.SH,空港股份,20121130,5.992,
600463.SH,空港股份,20121203,5.8768,
600463.SH,空港股份,20121204,6.1073,
600463.SH,空港股份,20121205,6.1649,
600463.SH,空港股份,20121206,6.2417,
600463.SH,空港股份,20121207,6.2417,
600463.SH,空港股份,20121210,6.5298,
600463.SH,空港股份,20121211,6.597,
600463.SH,空港股份,20121212,6.4626,
600463.SH,空港股份,20121213,6.453,
600463.SH,空港股份,20121214,6.8179,
600463.SH,空港股份,20121217,6.8659,
600463.SH,空港股份,20121218,6.6642,
600463.SH,空港股份,20121219,6.7314,
600463.SH,空港股份,20121220,6.693,
600463.SH,空港股份,20121221,6.501,
600463.SH,空港股份,20121224,6.597,
600463.SH,空港股份,20121225,6.8563,
600463.SH,空港股份,20121226,6.7794,
600463.SH,空港股份,20121227,6.5586,
600463.SH,空港股份,20121228,6.6642,
600463.SH,空港股份,20121231,6.7506,
600463.SH,空港股份,20130104,6.7218,
600463.SH,空港股份,20130107,6.8275,
600463.SH,空港股份,20130108,6.8179,
600463.SH,空港股份,20130109,6.7506,
600463.SH,空港股份,20130110,6.6066,
600463.SH,空港股份,20130111,6.3473,
600463.SH,空港股份,20130114,6.5106,
600463.SH,空港股份,20130115,6.597,
600463.SH,空港股份,20130116,6.4434,
600463.SH,空港股份,20130117,6.3761,
600463.SH,空港股份,20130118,6.4722,
600463.SH,空港股份,20130121,6.645,
600463.SH,空港股份,20130122,6.645,
600463.SH,空港股份,20130123,6.8179,
600463.SH,空港股份,20130124,6.4818,
600463.SH,空港股份,20130125,6.2705,
600463.SH,空港股份,20130128,6.4434,
600463.SH,空港股份,20130129,6.4914,
600463.SH,空港股份,20130130,6.4818,
600463.SH,空港股份,20130131,6.3953,
600463.SH,空港股份,20130201,6.4145,
600463.SH,空港股份,20130204,6.3569,
600463.SH,空港股份,20130205,6.4145,
600463.SH,空港股份,20130206,7.0579,
600463.SH,空港股份,20130207,7.1443,
600463.SH,空港股份,20130208,7.1828,
600463.SH,空港股份,20130218,7.2308,
600463.SH,空港股份,20130219,6.9235,
600463.SH,空港股份,20130220,7.0291,
600463.SH,空港股份,20130221,6.7506,
600463.SH,空港股份,20130222,6.9235,
600463.SH,空港股份,20130225,6.8947,
600463.SH,空港股份,20130226,6.741,
600463.SH,空港股份,20130227,6.8179,
600463.SH,空港股份,20130228,7.1636,
600463.SH,空港股份,20130301,7.2884,
600463.SH,空港股份,20130304,6.8659,
600463.SH,空港股份,20130305,6.9331,
600463.SH,空港股份,20130306,6.8563,
600463.SH,空港股份,20130307,6.6066,
600463.SH,空港股份,20130308,6.6354,
600463.SH,空港股份,20130311,6.597,
600463.SH,空港股份,20130312,6.7314,
600463.SH,空港股份,20130313,6.8179,
600463.SH,空港股份,20130314,6.5394,
600463.SH,空港股份,20130315,6.3281,
600463.SH,空港股份,20130318,6.2417,
600463.SH,空港股份,20130319,6.2513,
600463.SH,空港股份,20130320,6.597,
600463.SH,空港股份,20130321,6.4722,
600463.SH,空港股份,20130322,6.4626,
600463.SH,空港股份,20130325,6.4434,
600463.SH,空港股份,20130326,6.5106,
600463.SH,空港股份,20130327,6.5106,
600463.SH,空港股份,20130328,6.1745,
600463.SH,空港股份,20130329,6.3569,
600463.SH,空港股份,20130401,6.4434,
600463.SH,空港股份,20130402,6.6642,
600463.SH,空港股份,20130403,6.5298,
600463.SH,空港股份,20130408,6.4242,
600463.SH,空港股份,20130409,6.7698,
600463.SH,空港股份,20130410,6.7698,
600463.SH,空港股份,20130411,6.8851,
600463.SH,空港股份,20130412,6.7218,
600463.SH,空港股份,20130415,6.7122,
600463.SH,空港股份,20130416,6.8563,
600463.SH,空港股份,20130417,6.8275,
600463.SH,空港股份,20130418,6.8563,
600463.SH,空港股份,20130419,7.0003,
600463.SH,空港股份,20130422,6.9811,
600463.SH,空港股份,20130423,6.6066,
600463.SH,空港股份,20130424,6.6642,
600463.SH,空港股份,20130425,6.7314,
600463.SH,空港股份,20130426,6.3569,
600463.SH,空港股份,20130502,6.4818,
600463.SH,空港股份,20130503,6.5778,
600463.SH,空港股份,20130506,6.5874,
600463.SH,空港股份,20130507,6.5682,
600463.SH,空港股份,20130508,6.6066,
600463.SH,空港股份,20130509,6.549,
600463.SH,空港股份,20130510,6.597,
600463.SH,空港股份,20130513,6.8755,
600463.SH,空港股份,20130514,6.8083,
600463.SH,空港股份,20130515,6.8179,
600463.SH,空港股份,20130516,6.9715,
600463.SH,空港股份,20130517,7.0483,
600463.SH,空港股份,20130520,7.0099,
600463.SH,空港股份,20130521,7.0195,
600463.SH,空港股份,20130522,7.0099,
600463.SH,空港股份,20130523,7.0003,
600463.SH,空港股份,20130524,7.1251,
600463.SH,空港股份,20130527,7.394,
600463.SH,空港股份,20130528,7.4708,
600463.SH,空港股份,20130529,7.4132,
600463.SH,空港股份,20130530,7.5092,
600463.SH,空港股份,20130531,7.4036,
600463.SH,空港股份,20130603,7.4228,
600463.SH,空港股份,20130604,7.4132,
600463.SH,空港股份,20130605,7.202,
600463.SH,空港股份,20130606,6.9907,
600463.SH,空港股份,20130607,6.8659,
600463.SH,空港股份,20130613,6.4145,
600463.SH,空港股份,20130614,6.4914,
600463.SH,空港股份,20130617,6.4329,
600463.SH,空港股份,20130618,6.4329,
600463.SH,空港股份,20130619,6.2282,
600463.SH,空港股份,20130620,6.1015,
600463.SH,空港股份,20130621,6.1307,
600463.SH,空港股份,20130624,5.6142,
600463.SH,空港股份,20130625,5.5557,
600463.SH,空港股份,20130626,5.5362,
600463.SH,空港股份,20130627,5.4874,
600463.SH,空港股份,20130628,5.6337,
600463.SH,空港股份,20130701,5.6531,
600463.SH,空港股份,20130702,5.6531,
600463.SH,空港股份,20130703,5.4874,
600463.SH,空港股份,20130704,5.6239,
600463.SH,空港股份,20130705,5.6824,
600463.SH,空港股份,20130708,5.4387,
600463.SH,空港股份,20130709,5.4874,
600463.SH,空港股份,20130710,5.7116,
600463.SH,空港股份,20130711,5.8286,
600463.SH,空港股份,20130712,5.8578,
600463.SH,空港股份,20130715,5.9163,
600463.SH,空港股份,20130716,5.9163,
600463.SH,空港股份,20130717,5.8286,
600463.SH,空港股份,20130718,5.8481,
600463.SH,空港股份,20130719,5.6921,
600463.SH,空港股份,20130722,5.7311,
600463.SH,空港股份,20130723,5.8968,
600463.SH,空港股份,20130724,5.9163,
600463.SH,空港股份,20130725,5.8188,
600463.SH,空港股份,20130726,5.8286,
600463.SH,空港股份,20130729,5.5947,
600463.SH,空港股份,20130730,5.5557,
600463.SH,空港股份,20130731,5.6044,
600463.SH,空港股份,20130801,5.8091,
600463.SH,空港股份,20130802,5.9163,
600463.SH,空港股份,20130805,5.9261,
600463.SH,空港股份,20130806,6.0235,
600463.SH,空港股份,20130807,5.9455,
600463.SH,空港股份,20130808,5.9066,
600463.SH,空港股份,20130809,5.9553,
600463.SH,空港股份,20130812,6.1405,
600463.SH,空港股份,20130813,6.1697,
600463.SH,空港股份,20130814,6.121,
600463.SH,空港股份,20130815,5.965,
600463.SH,空港股份,20130816,5.8968,
600463.SH,空港股份,20130819,6.0723,
600463.SH,空港股份,20130820,6.0235,
600463.SH,空港股份,20130821,6.043,
600463.SH,空港股份,20130822,6.043,
600463.SH,空港股份,20130823,6.0528,
600463.SH,空港股份,20130826,6.2282,
600463.SH,空港股份,20130827,6.4036,
600463.SH,空港股份,20130828,6.5596,
600463.SH,空港股份,20130829,7.2126,
600463.SH,空港股份,20130830,7.2516,
600463.SH,空港股份,20130902,6.774,
600463.SH,空港股份,20130903,7.0957,
600463.SH,空港股份,20130904,7.2126,
600463.SH,空港股份,20130905,7.2126,
600463.SH,空港股份,20130906,7.3004,
600463.SH,空港股份,20130909,7.6123,
600463.SH,空港股份,20130910,7.6512,
600463.SH,空港股份,20130911,7.505,
600463.SH,空港股份,20130912,7.3198,
600463.SH,空港股份,20130913,7.2711,
600463.SH,空港股份,20130916,7.0762,
600463.SH,空港股份,20130917,7.0274,
600463.SH,空港股份,20130918,7.1152,
600463.SH,空港股份,20130923,7.2224,
600463.SH,空港股份,20130924,7.2029,
600463.SH,空港股份,20130925,7.4368,
600463.SH,空港股份,20130926,6.9397,
600463.SH,空港股份,20130927,6.8812,
600463.SH,空港股份,20130930,7.1639,
600463.SH,空港股份,20131008,7.4271,
600463.SH,空港股份,20131009,7.7585,
600463.SH,空港股份,20131010,7.6025,
600463.SH,空港股份,20131011,7.5733,
600463.SH,空港股份,20131014,7.5928,
600463.SH,空港股份,20131015,7.622,
600463.SH,空港股份,20131016,7.5635,
600463.SH,空港股份,20131017,7.8267,
600463.SH,空港股份,20131018,8.0606,
600463.SH,空港股份,20131021,8.3043,
600463.SH,空港股份,20131022,8.3335,
600463.SH,空港股份,20131023,8.431,
600463.SH,空港股份,20131024,8.8306,
600463.SH,空港股份,20131025,7.9534,
600463.SH,空港股份,20131028,7.9144,
600463.SH,空港股份,20131029,7.2711,
600463.SH,空港股份,20131030,7.3686,
600463.SH,空港股份,20131031,7.1444,
600463.SH,空港股份,20131101,7.1152,
600463.SH,空港股份,20131104,7.1834,
600463.SH,空港股份,20131105,7.2906,
600463.SH,空港股份,20131106,7.2516,
600463.SH,空港股份,20131107,7.1249,
600463.SH,空港股份,20131108,6.9105,
600463.SH,空港股份,20131111,7.2419,
600463.SH,空港股份,20131112,7.9631,
600463.SH,空港股份,20131113,7.661,
600463.SH,空港股份,20131114,7.8072,
600463.SH,空港股份,20131115,8.2068,
600463.SH,空港股份,20131118,8.314,
600463.SH,空港股份,20131119,8.1971,
600463.SH,空港股份,20131120,8.1971,
600463.SH,空港股份,20131121,7.9924,
600463.SH,空港股份,20131122,7.7487,
600463.SH,空港股份,20131125,7.8072,
600463.SH,空港股份,20131126,7.7585,
600463.SH,空港股份,20131127,8.1581,
600463.SH,空港股份,20131128,8.0314,
600463.SH,空港股份,20131129,8.0216,
600463.SH,空港股份,20131202,7.466,
600463.SH,空港股份,20131203,8.0801,
600463.SH,空港股份,20131204,8.8891,
600463.SH,空港股份,20131205,8.5869,
600463.SH,空港股份,20131206,8.47,
600463.SH,空港股份,20131209,8.4797,
600463.SH,空港股份,20131210,8.6162,
600463.SH,空港股份,20131211,8.2555,
600463.SH,空港股份,20131212,8.2848,
600463.SH,空港股份,20131213,8.4115,
600463.SH,空港股份,20131216,8.392,
600463.SH,空港股份,20131217,8.4017,
600463.SH,空港股份,20131218,8.0898,
600463.SH,空港股份,20131219,8.0314,
600463.SH,空港股份,20131220,7.8754,
600463.SH,空港股份,20131223,7.9826,
600463.SH,空港股份,20131224,7.9436,
600463.SH,空港股份,20131225,7.9826,
600463.SH,空港股份,20131226,7.5245,
600463.SH,空港股份,20131227,7.5928,
600463.SH,空港股份,20131230,7.6025,
600463.SH,空港股份,20131231,7.583,
600463.SH,空港股份,20140102,7.6707,
600463.SH,空港股份,20140103,7.4855,
600463.SH,空港股份,20140106,7.2516,
600463.SH,空港股份,20140107,7.2906,
600463.SH,空港股份,20140108,7.2711,
600463.SH,空港股份,20140109,7.2516,
600463.SH,空港股份,20140110,6.8617,
600463.SH,空港股份,20140113,6.9202,
600463.SH,空港股份,20140114,7.0469,
600463.SH,空港股份,20140115,7.0372,
600463.SH,空港股份,20140116,7.0469,
600463.SH,空港股份,20140117,6.8812,
600463.SH,空港股份,20140120,6.8715,
600463.SH,空港股份,20140121,7.1054,
600463.SH,空港股份,20140122,7.2224,
600463.SH,空港股份,20140123,7.2224,
600463.SH,空港股份,20140124,7.3198,
600463.SH,空港股份,20140127,7.3004,
600463.SH,空港股份,20140128,7.2516,
600463.SH,空港股份,20140129,7.3393,
600463.SH,空港股份,20140130,7.2711,
600463.SH,空港股份,20140207,7.2711,
600463.SH,空港股份,20140210,7.4953,
600463.SH,空港股份,20140211,7.5343,
600463.SH,空港股份,20140212,7.8364,
600463.SH,空港股份,20140213,7.6025,
600463.SH,空港股份,20140214,7.7585,
600463.SH,空港股份,20140217,7.8754,
600463.SH,空港股份,20140218,7.9436,
600463.SH,空港股份,20140219,8.0606,
600463.SH,空港股份,20140220,7.7877,
600463.SH,空港股份,20140221,7.9339,
600463.SH,空港股份,20140224,8.0509,
600463.SH,空港股份,20140225,7.7682,
600463.SH,空港股份,20140226,7.9339,
600463.SH,空港股份,20140227,8.1873,
600463.SH,空港股份,20140228,8.509,
600463.SH,空港股份,20140303,8.6357,
600463.SH,空港股份,20140304,8.6162,
600463.SH,空港股份,20140305,8.4212,
600463.SH,空港股份,20140306,8.6552,
600463.SH,空港股份,20140307,8.4505,
600463.SH,空港股份,20140310,8.1971,
600463.SH,空港股份,20140311,8.275,
600463.SH,空港股份,20140312,8.3433,
600463.SH,空港股份,20140313,7.9241,
600463.SH,空港股份,20140314,7.7877,
600463.SH,空港股份,20140317,8.0021,
600463.SH,空港股份,20140318,7.6123,
600463.SH,空港股份,20140319,7.7682,
600463.SH,空港股份,20140320,8.5479,
600463.SH,空港股份,20140321,9.1815,
600463.SH,空港股份,20140324,10.0587,
600463.SH,空港股份,20140325,9.2595,
600463.SH,空港股份,20140326,9.24,
600463.SH,空港股份,20140327,8.8988,
600463.SH,空港股份,20140328,8.431,
600463.SH,空港股份,20140331,8.353,
600463.SH,空港股份,20140401,8.4992,
600463.SH,空港股份,20140402,8.7136,
600463.SH,空港股份,20140403,8.2458,
600463.SH,空港股份,20140404,8.4602,
600463.SH,空港股份,20140408,8.392,
600463.SH,空港股份,20140409,8.4407,
600463.SH,空港股份,20140410,8.4602,
600463.SH,空港股份,20140411,8.2848,
600463.SH,空港股份,20140414,8.6064,
600463.SH,空港股份,20140415,8.6552,
600463.SH,空港股份,20140416,8.4992,
600463.SH,空港股份,20140417,8.353,
600463.SH,空港股份,20140418,8.3433,
600463.SH,空港股份,20140421,8.392,
600463.SH,空港股份,20140422,8.3238,
600463.SH,空港股份,20140423,8.275,
600463.SH,空港股份,20140424,7.7292,
600463.SH,空港股份,20140425,7.4271,
600463.SH,空港股份,20140428,7.0957,
600463.SH,空港股份,20140429,7.2419,
600463.SH,空港股份,20140430,7.3101,
600463.SH,空港股份,20140505,7.3978,
600463.SH,空港股份,20140506,7.3686,
600463.SH,空港股份,20140507,7.1931,
600463.SH,空港股份,20140508,7.3198,
600463.SH,空港股份,20140509,7.1542,
600463.SH,空港股份,20140512,7.3198,
600463.SH,空港股份,20140513,7.466,
600463.SH,空港股份,20140514,7.4173,
600463.SH,空港股份,20140515,7.2711,
600463.SH,空港股份,20140516,7.2809,
600463.SH,空港股份,20140519,7.0567,
600463.SH,空港股份,20140520,7.1054,
600463.SH,空港股份,20140521,7.1249,
600463.SH,空港股份,20140522,7.1931,
600463.SH,空港股份,20140523,7.2419,
600463.SH,空港股份,20140526,7.6568,
600463.SH,空港股份,20140527,7.5185,
600463.SH,空港股份,20140528,7.4889,
600463.SH,空港股份,20140529,7.3901,
600463.SH,空港股份,20140530,7.3802,
600463.SH,空港股份,20140603,7.3308,
600463.SH,空港股份,20140604,7.311,
600463.SH,空港股份,20140605,7.3901,
600463.SH,空港股份,20140606,7.3012,
600463.SH,空港股份,20140609,7.1727,
600463.SH,空港股份,20140610,7.2715,
600463.SH,空港股份,20140611,7.3604,
600463.SH,空港股份,20140612,7.3703,
600463.SH,空港股份,20140613,7.4,
600463.SH,空港股份,20140616,7.4493,
600463.SH,空港股份,20140617,7.3209,
600463.SH,空港股份,20140618,7.1628,
600463.SH,空港股份,20140619,7.0245,
600463.SH,空港股份,20140620,7.0344,
600463.SH,空港股份,20140623,7.064,
600463.SH,空港股份,20140624,7.1233,
600463.SH,空港股份,20140625,7.0838,
600463.SH,空港股份,20140626,7.1628,
600463.SH,空港股份,20140627,7.2221,
600463.SH,空港股份,20140630,7.2715,
600463.SH,空港股份,20140701,7.311,
600463.SH,空港股份,20140702,7.4691,
600463.SH,空港股份,20140703,7.8445,
600463.SH,空港股份,20140704,7.6568,
600463.SH,空港股份,20140707,7.6766,
600463.SH,空港股份,20140708,7.7161,
600463.SH,空港股份,20140709,7.5086,
600463.SH,空港股份,20140710,7.5481,
600463.SH,空港股份,20140711,7.6272,
600463.SH,空港股份,20140714,7.6568,
600463.SH,空港股份,20140715,7.6963,
600463.SH,空港股份,20140716,7.7062,
600463.SH,空港股份,20140717,7.558,
600463.SH,空港股份,20140718,7.5975,
600463.SH,空港股份,20140721,7.558,
600463.SH,空港股份,20140722,7.6865,
600463.SH,空港股份,20140723,7.9532,
600463.SH,空港股份,20140724,7.9038,
600463.SH,空港股份,20140725,7.973,
600463.SH,空港股份,20140728,8.4768,
600463.SH,空港股份,20140729,8.9807,
600463.SH,空港股份,20140730,8.9116,
600463.SH,空港股份,20140731,8.5559,
600463.SH,空港股份,20140801,8.3286,
600463.SH,空港股份,20140804,8.4373,
600463.SH,空港股份,20140805,8.3089,
600463.SH,空港股份,20140806,8.299,
600463.SH,空港股份,20140807,8.299,
600463.SH,空港股份,20140808,8.3188,
600463.SH,空港股份,20140811,8.4373,
600463.SH,空港股份,20140812,8.4077,
600463.SH,空港股份,20140813,8.4472,
600463.SH,空港股份,20140814,8.4176,
600463.SH,空港股份,20140815,8.4472,
600463.SH,空港股份,20140818,8.4867,
600463.SH,空港股份,20140819,8.6547,
600463.SH,空港股份,20140820,8.7436,
600463.SH,空港股份,20140821,8.6744,
600463.SH,空港股份,20140822,8.6646,
600463.SH,空港股份,20140825,8.4373,
600463.SH,空港股份,20140826,8.1607,
600463.SH,空港股份,20140827,8.3484,
600463.SH,空港股份,20140828,8.3089,
600463.SH,空港股份,20140829,8.5164,
600463.SH,空港股份,20140901,8.793,
600463.SH,空港股份,20140902,8.8226,
600463.SH,空港股份,20140903,8.8819,
600463.SH,空港股份,20140904,8.9807,
600463.SH,空港股份,20140905,9.1487,
600463.SH,空港股份,20140909,9.0104,
600463.SH,空港股份,20140910,9.0202,
600463.SH,空港股份,20140911,8.9708,
600463.SH,空港股份,20140912,9.1388,
600463.SH,空港股份,20140915,9.3265,
600463.SH,空港股份,20140916,8.9412,
600463.SH,空港股份,20140917,9.0598,
600463.SH,空港股份,20140918,9.0104,
600463.SH,空港股份,20140919,9.1585,
600463.SH,空港股份,20140922,9.781,
600463.SH,空港股份,20140923,9.6229,
600463.SH,空港股份,20140924,9.6427,
600463.SH,空港股份,20140925,9.4648,
600463.SH,空港股份,20140926,9.4648,
600463.SH,空港股份,20140929,9.5043,
600463.SH,空港股份,20140930,9.7019,
600463.SH,空港股份,20141008,9.8007,
600463.SH,空港股份,20141009,9.6229,
600463.SH,空港股份,20141010,9.781,
600463.SH,空港股份,20141013,9.86,
600463.SH,空港股份,20141014,10.4627,
600463.SH,空港股份,20141015,10.354,
600463.SH,空港股份,20141016,10.5022,
600463.SH,空港股份,20141017,10.354,
600463.SH,空港股份,20141020,10.9369,
600463.SH,空港股份,20141021,10.5318,
600463.SH,空港股份,20141022,10.4528,
600463.SH,空港股份,20141023,9.8798,
600463.SH,空港股份,20141024,9.8007,
600463.SH,空港股份,20141027,9.8007,
600463.SH,空港股份,20141028,10.107,
600463.SH,空港股份,20141029,10.1465,
600463.SH,空港股份,20141030,10.2453,
600463.SH,空港股份,20141031,10.2651,
600463.SH,空港股份,20141103,10.5318,
600463.SH,空港股份,20141104,10.5615,
600463.SH,空港股份,20141105,10.6405,
600463.SH,空港股份,20141106,10.4726,
600463.SH,空港股份,20141107,10.028,
600463.SH,空港股份,20141110,9.8798,
600463.SH,空港股份,20141111,9.534,
600463.SH,空港股份,20141112,9.7316,
600463.SH,空港股份,20141113,9.4945,
600463.SH,空港股份,20141114,9.5043,
600463.SH,空港股份,20141117,9.7612,
600463.SH,空港股份,20141118,9.781,
600463.SH,空港股份,20141119,9.7217,
600463.SH,空港股份,20141120,9.8304,
600463.SH,空港股份,20141121,9.9687,
600463.SH,空港股份,20141124,10.0675,
600463.SH,空港股份,20141125,10.1564,
600463.SH,空港股份,20141126,10.0576,
600463.SH,空港股份,20141127,9.9489,
600463.SH,空港股份,20141128,10.4034,
600463.SH,空港股份,20141201,10.8776,
600463.SH,空港股份,20141202,11.0159,
600463.SH,空港股份,20141203,11.6186,
600463.SH,空港股份,20141204,11.6483,
600463.SH,空港股份,20141205,11.2037,
600463.SH,空港股份,20141208,11.2234,
600463.SH,空港股份,20141209,10.2453,
600463.SH,空港股份,20141210,10.68,
600463.SH,空港股份,20141211,11.0258,
600463.SH,空港股份,20141212,10.8974,
600463.SH,空港股份,20141215,11.1641,
600463.SH,空港股份,20141216,11.6977,
600463.SH,空港股份,20141217,11.1345,
600463.SH,空港股份,20141218,10.8678,
600463.SH,空港股份,20141219,10.6109,
600463.SH,空港股份,20141222,9.5537,
600463.SH,空港股份,20141223,9.6031,
600463.SH,空港股份,20141224,9.7316,
600463.SH,空港股份,20141225,9.9489,
600463.SH,空港股份,20141226,10.0378,
600463.SH,空港股份,20141229,9.6624,
600463.SH,空港股份,20141230,9.1882,
600463.SH,空港股份,20141231,9.4747,
600463.SH,空港股份,20150105,9.6525,
600463.SH,空港股份,20150106,9.8304,
600463.SH,空港股份,20150107,9.7316,
600463.SH,空港股份,20150108,9.7019,
600463.SH,空港股份,20150109,9.4055,
600463.SH,空港股份,20150112,9.0696,
600463.SH,空港股份,20150113,9.2079,
600463.SH,空港股份,20150114,9.3858,
600463.SH,空港股份,20150115,9.2969,
600463.SH,空港股份,20150116,9.287,
600463.SH,空港股份,20150119,8.872,
600463.SH,空港股份,20150120,9.0894,
600463.SH,空港股份,20150121,9.366,
600463.SH,空港股份,20150122,9.5834,
600463.SH,空港股份,20150123,9.7217,
600463.SH,空港股份,20150126,9.7909,
600463.SH,空港股份,20150127,9.7217,
600463.SH,空港股份,20150128,9.6229,
600463.SH,空港股份,20150129,9.7019,
600463.SH,空港股份,20150130,9.5735,
600463.SH,空港股份,20150202,9.4846,
600463.SH,空港股份,20150203,9.7513,
600463.SH,空港股份,20150204,9.6624,
600463.SH,空港股份,20150205,9.6031,
600463.SH,空港股份,20150206,9.2771,
600463.SH,空港股份,20150209,9.2573,
600463.SH,空港股份,20150210,9.4253,
600463.SH,空港股份,20150211,9.4352,
600463.SH,空港股份,20150212,9.6427,
600463.SH,空港股份,20150213,9.9193,
600463.SH,空港股份,20150216,10.107,
600463.SH,空港股份,20150217,10.2058,
600463.SH,空港股份,20150225,10.7591,
600463.SH,空港股份,20150226,10.8085,
600463.SH,空港股份,20150227,10.7986,
600463.SH,空港股份,20150302,10.7986,
600463.SH,空港股份,20150303,11.1641,
600463.SH,空港股份,20150304,11.2531,
600463.SH,空港股份,20150305,11.095,
600463.SH,空港股份,20150306,10.9567,
600463.SH,空港股份,20150309,11.1641,
600463.SH,空港股份,20150310,11.0851,
600463.SH,空港股份,20150311,11.5198,
600463.SH,空港股份,20150312,11.3519,
600463.SH,空港股份,20150313,11.3519,
600463.SH,空港股份,20150316,11.668,
600463.SH,空港股份,20150317,12.1422,
600463.SH,空港股份,20150318,13.1203,
600463.SH,空港股份,20150319,13.7032,
600463.SH,空港股份,20150320,13.5353,
600463.SH,空港股份,20150323,13.8317,
600463.SH,空港股份,20150324,13.4365,
600463.SH,空港股份,20150325,13.3575,
600463.SH,空港股份,20150326,13.0709,
600463.SH,空港股份,20150327,13.5946,
600463.SH,空港股份,20150330,13.8218,
600463.SH,空港股份,20150331,13.4859,
600463.SH,空港股份,20150401,13.6242,
600463.SH,空港股份,20150402,14.2071,
600463.SH,空港股份,20150403,15.0963,
600463.SH,空港股份,20150407,15.0173,
600463.SH,空港股份,20150408,14.8098,
600463.SH,空港股份,20150409,14.4442,
600463.SH,空港股份,20150410,14.6023,
600463.SH,空港股份,20150413,14.6023,
600463.SH,空港股份,20150414,15.7681,
600463.SH,空港股份,20150415,15.7681,
600463.SH,空港股份,20150416,15.7681,
600463.SH,空港股份,20150417,15.7681,
600463.SH,空港股份,20150420,15.7681,
600463.SH,空港股份,20150421,15.7681,
600463.SH,空港股份,20150422,15.7681,
600463.SH,空港股份,20150423,15.7681,
600463.SH,空港股份,20150424,15.7681,
600463.SH,空港股份,20150427,15.7681,
600463.SH,空港股份,20150428,15.7681,
600463.SH,空港股份,20150429,15.7681,
600463.SH,空港股份,20150430,15.4102,
600463.SH,空港股份,20150504,16.2553,
600463.SH,空港股份,20150505,14.9827,
600463.SH,空港股份,20150506,14.4955,
600463.SH,空港股份,20150507,13.4715,
600463.SH,空港股份,20150508,14.1575,
600463.SH,空港股份,20150511,14.764,
600463.SH,空港股份,20150512,14.8236,
600463.SH,空港股份,20150513,15.788,
600463.SH,空港股份,20150514,15.5792,
600463.SH,空港股份,20150515,15.4201,
600463.SH,空港股份,20150518,15.5892,
600463.SH,空港股份,20150519,16.2851,
600463.SH,空港股份,20150520,16.9015,
600463.SH,空港股份,20150521,17.1202,
600463.SH,空港股份,20150522,18.8203,
600463.SH,空港股份,20150525,20.6994,
600463.SH,空港股份,20150526,22.7673,
600463.SH,空港股份,20150527,22.4492,
600463.SH,空港股份,20150528,20.2222,
600463.SH,空港股份,20150529,21.0573,
600463.SH,空港股份,20150601,23.165,
600463.SH,空港股份,20150602,24.9446,
600463.SH,空港股份,20150603,23.9604,
600463.SH,空港股份,20150604,24.3581,
600463.SH,空港股份,20150605,25.1932,
600463.SH,空港股份,20150608,24.3481,
600463.SH,空港股份,20150609,23.4533,
600463.SH,空港股份,20150610,23.2545,
600463.SH,空港股份,20150611,25.1037,
600463.SH,空港股份,20150612,25.9786,
600463.SH,空港股份,20150615,27.9869,
600463.SH,空港股份,20150616,25.3423,
600463.SH,空港股份,20150617,25.054,
600463.SH,空港股份,20150618,23.7019,
600463.SH,空港股份,20150619,21.3357,
600463.SH,空港股份,20150623,22.4392,
600463.SH,空港股份,20150624,22.9463,
600463.SH,空港股份,20150625,22.8866,
600463.SH,空港股份,20150626,20.6,
600463.SH,空港股份,20150629,18.542,
600463.SH,空港股份,20150630,19.7251,
600463.SH,空港股份,20150701,17.7565,
600463.SH,空港股份,20150702,15.9769,
600463.SH,空港股份,20150703,14.3762,
600463.SH,空港股份,20150706,12.9346,
600463.SH,空港股份,20150707,11.6422,
600463.SH,空港股份,20150708,10.4789,
600463.SH,空港股份,20150709,11.5229,
600463.SH,空港股份,20150710,12.6761,
600463.SH,空港股份,20150713,13.9487,
600463.SH,空港股份,20150714,14.8833,
600463.SH,空港股份,20150715,13.392,
600463.SH,空港股份,20150716,12.5668,
600463.SH,空港股份,20150717,13.2031,
600463.SH,空港股份,20150720,13.6604,
600463.SH,空港股份,20150721,14.068,
600463.SH,空港股份,20150722,14.754,
600463.SH,空港股份,20150723,15.4102,
600463.SH,空港股份,20150724,15.609,
600463.SH,空港股份,20150727,14.0481,
600463.SH,空港股份,20150728,13.3224,
600463.SH,空港股份,20150729,14.595,
600463.SH,空港股份,20150730,14.2172,
600463.SH,空港股份,20150731,13.8195,
600463.SH,空港股份,20150803,13.1235,
600463.SH,空港股份,20150804,14.078,
600463.SH,空港股份,20150805,13.4317,
600463.SH,空港股份,20150806,13.0738,
600463.SH,空港股份,20150807,13.6902,
600463.SH,空港股份,20150810,15.0622,
600463.SH,空港股份,20150811,15.4102,
600463.SH,空港股份,20150812,15.609,
600463.SH,空港股份,20150813,16.8717,
600463.SH,空港股份,20150814,16.981,
600463.SH,空港股份,20150817,16.7822,
600463.SH,空港股份,20150818,15.102,
600463.SH,空港股份,20150819,15.3008,
600463.SH,空港股份,20150820,14.6148,
600463.SH,空港股份,20150821,13.1633,
600463.SH,空港股份,20150824,11.8509,
600463.SH,空港股份,20150825,10.6678,
600463.SH,空港股份,20150826,9.9321,
600463.SH,空港股份,20150827,10.5485,
600463.SH,空港股份,20150828,11.493,
600463.SH,空港股份,20150831,11.5328,
600463.SH,空港股份,20150901,10.3795,
600463.SH,空港股份,20150902,9.8625,
600463.SH,空港股份,20150907,10.0813,
600463.SH,空港股份,20150908,10.7871,
600463.SH,空港股份,20150909,11.1948,
600463.SH,空港股份,20150910,10.9462,
600463.SH,空港股份,20150911,11.2246,
600463.SH,空港股份,20150914,10.1011,
600463.SH,空港股份,20150915,9.5842,
600463.SH,空港股份,20150916,10.4193,
600463.SH,空港股份,20150917,10.0912,
600463.SH,空港股份,20150918,10.0514,
600463.SH,空港股份,20150921,10.5784,
600463.SH,空港股份,20150922,11.6322,
600463.SH,空港股份,20150923,11.0258,
600463.SH,空港股份,20150924,11.3439,
600463.SH,空港股份,20150925,10.986,
600463.SH,空港股份,20150928,11.3638,
600463.SH,空港股份,20150929,10.986,
600463.SH,空港股份,20150930,11.0655,
600463.SH,空港股份,20151008,11.7714,
600463.SH,空港股份,20151009,11.7813,
600463.SH,空港股份,20151012,12.2983,
600463.SH,空港股份,20151013,12.5568,
600463.SH,空港股份,20151014,12.6065,
600463.SH,空港股份,20151015,13.0042,
600463.SH,空港股份,20151016,13.5908,
600463.SH,空港股份,20151019,13.3224,
600463.SH,空港股份,20151020,13.2528,
600463.SH,空港股份,20151021,12.2387,
600463.SH,空港股份,20151022,12.7159,
600463.SH,空港股份,20151023,13.9885,
600463.SH,空港股份,20151026,14.7938,
600463.SH,空港股份,20151027,14.585,
600463.SH,空港股份,20151028,15.0225,
600463.SH,空港股份,20151029,14.7341,
600463.SH,空港股份,20151030,14.078,
600463.SH,空港股份,20151102,13.4516,
600463.SH,空港股份,20151103,13.034,
600463.SH,空港股份,20151104,13.8592,
600463.SH,空港股份,20151105,14.585,
600463.SH,空港股份,20151106,14.595,
600463.SH,空港股份,20151109,15.102,
600463.SH,空港股份,20151110,14.9032,
600463.SH,空港股份,20151111,15.2511,
600463.SH,空港股份,20151112,16.1857,
600463.SH,空港股份,20151113,15.6985,
600463.SH,空港股份,20151116,15.8178,
600463.SH,空港股份,20151117,15.4599,
600463.SH,空港股份,20151118,15.2213,
600463.SH,空港股份,20151119,15.3804,
600463.SH,空港股份,20151120,16.2155,
600463.SH,空港股份,20151123,15.7681,
600463.SH,空港股份,20151124,15.8576,
600463.SH,空港股份,20151125,16.0167,
600463.SH,空港股份,20151126,16.0863,
600463.SH,空港股份,20151127,14.5154,
600463.SH,空港股份,20151130,14.2967,
600463.SH,空港股份,20151201,14.9032,
600463.SH,空港股份,20151202,15.4997,
600463.SH,空港股份,20151203,16.2553,
600463.SH,空港股份,20151204,15.7383,
600463.SH,空港股份,20151207,15.9968,
600463.SH,空港股份,20151208,16.3945,
600463.SH,空港股份,20151209,16.1061,
600463.SH,空港股份,20151210,15.44,
600463.SH,空港股份,20151211,15.281,
600463.SH,空港股份,20151214,15.8974,
600463.SH,空港股份,20151215,15.9172,
600463.SH,空港股份,20151216,15.6588,
600463.SH,空港股份,20151217,16.3149,
600463.SH,空港股份,20151218,16.643,
600463.SH,空港股份,20151221,18.3033,
600463.SH,空港股份,20151222,18.2934,
600463.SH,空港股份,20151223,17.6472,
600463.SH,空港股份,20151224,17.1103,
600463.SH,空港股份,20151225,17.4682,
600463.SH,空港股份,20151228,16.3149,
600463.SH,空港股份,20151229,16.2255,
600463.SH,空港股份,20151230,16.8717,
600463.SH,空港股份,20151231,18.5618,
600463.SH,空港股份,20160104,19.8642,
600463.SH,空港股份,20160105,21.8527,
600463.SH,空港股份,20160106,23.7317,
600463.SH,空港股份,20160107,21.3556,
600463.SH,空港股份,20160108,20.0929,
600463.SH,空港股份,20160111,18.0846,
600463.SH,空港股份,20160112,16.7226,
600463.SH,空港股份,20160113,15.7085,
600463.SH,空港股份,20160114,16.2752,
600463.SH,空港股份,20160115,14.6447,
600463.SH,空港股份,20160118,14.5751,
600463.SH,空港股份,20160119,16.0366,
600463.SH,空港股份,20160120,15.9172,
600463.SH,空港股份,20160121,14.764,
600463.SH,空港股份,20160122,14.8336,
600463.SH,空港股份,20160125,15.2511,
600463.SH,空港股份,20160126,13.73,
600463.SH,空港股份,20160127,12.6761,
600463.SH,空港股份,20160128,11.7913,
600463.SH,空港股份,20160129,12.9744,
600463.SH,空港股份,20160201,12.4674,
600463.SH,空港股份,20160202,12.9943,
600463.SH,空港股份,20160203,12.9048,
600463.SH,空港股份,20160204,13.5709,
600463.SH,空港股份,20160205,13.1931,
600463.SH,空港股份,20160215,13.0937,
600463.SH,空港股份,20160216,13.9089,
600463.SH,空港股份,20160217,13.899,
600463.SH,空港股份,20160218,14.0084,
600463.SH,空港股份,20160219,14.0183,
600463.SH,空港股份,20160222,14.2669,
600463.SH,空港股份,20160223,14.6049,
600463.SH,空港股份,20160224,14.4856,
600463.SH,空港股份,20160225,13.034,
600463.SH,空港股份,20160226,12.5568,
600463.SH,空港股份,20160229,11.3041,
600463.SH,空港股份,20160301,11.8311,
600463.SH,空港股份,20160302,12.6861,
600463.SH,空港股份,20160303,12.6861,
600463.SH,空港股份,20160304,11.8112,
600463.SH,空港股份,20160307,12.1393,
600463.SH,空港股份,20160308,12.8949,
600463.SH,空港股份,20160309,12.6264,
600463.SH,空港股份,20160310,12.179,
600463.SH,空港股份,20160311,12.5966,
600463.SH,空港股份,20160314,12.9744,
600463.SH,空港股份,20160315,12.8849,
600463.SH,空港股份,20160316,12.8352,
600463.SH,空港股份,20160317,13.1335,
600463.SH,空港股份,20160318,13.4814,
600463.SH,空港股份,20160321,14.0183,
600463.SH,空港股份,20160322,13.7698,
600463.SH,空港股份,20160323,13.9089,
600463.SH,空港股份,20160324,13.5809,
600463.SH,空港股份,20160325,13.7797,
600463.SH,空港股份,20160328,14.1078,
600463.SH,空港股份,20160329,13.2925,
600463.SH,空港股份,20160330,14.237,
600463.SH,空港股份,20160331,14.6049,
600463.SH,空港股份,20160401,14.6049,
600463.SH,空港股份,20160405,15.1418,
600463.SH,空港股份,20160406,15.609,
600463.SH,空港股份,20160407,15.1716,
600463.SH,空港股份,20160408,14.9827,
600463.SH,空港股份,20160411,15.5593,
600463.SH,空港股份,20160412,15.45,
600463.SH,空港股份,20160413,15.5096,
600463.SH,空港股份,20160414,15.9073,
600463.SH,空港股份,20160415,16.0266,
600463.SH,空港股份,20160418,15.5096,
600463.SH,空港股份,20160419,15.7283,
600463.SH,空港股份,20160420,14.595,
600463.SH,空港股份,20160421,14.1376,
600463.SH,空港股份,20160422,14.1873,
600463.SH,空港股份,20160425,13.9885,
600463.SH,空港股份,20160426,14.1277,
600463.SH,空港股份,20160427,14.2669,
600463.SH,空港股份,20160428,14.0978,
600463.SH,空港股份,20160429,14.1277,
600463.SH,空港股份,20160503,14.4756,
600463.SH,空港股份,20160504,14.6944,
600463.SH,空港股份,20160505,14.8733,
600463.SH,空港股份,20160506,13.8394,
600463.SH,空港股份,20160509,12.7656,
600463.SH,空港股份,20160510,12.8849,
600463.SH,空港股份,20160511,13.0142,
600463.SH,空港股份,20160512,12.706,
600463.SH,空港股份,20160513,12.6861,
600463.SH,空港股份,20160516,12.9446,
600463.SH,空港股份,20160517,12.8253,
600463.SH,空港股份,20160518,12.3978,
600463.SH,空港股份,20160519,12.4276,
600463.SH,空港股份,20160520,12.5568,
600463.SH,空港股份,20160523,13.8095,
600463.SH,空港股份,20160524,13.7896,
600463.SH,空港股份,20160525,13.6902,
600463.SH,空港股份,20160526,13.9388,
600463.SH,空港股份,20160527,13.7399,
600463.SH,空港股份,20160530,13.4019,
600463.SH,空港股份,20160531,13.9388,
600463.SH,空港股份,20160601,14.078,
600463.SH,空港股份,20160602,14.2867,
600463.SH,空港股份,20160603,14.078,
600463.SH,空港股份,20160606,13.8493,
600463.SH,空港股份,20160607,13.9288,
600463.SH,空港股份,20160608,13.7399,
600463.SH,空港股份,20160613,12.812,
600463.SH,空港股份,20160614,12.7721,
600463.SH,空港股份,20160615,13.1412,
600463.SH,空港股份,20160616,13.5005,
600463.SH,空港股份,20160617,13.5005,
600463.SH,空港股份,20160620,13.1213,
600463.SH,空港股份,20160621,12.812,
600463.SH,空港股份,20160622,12.8918,
600463.SH,空港股份,20160623,12.7321,
600463.SH,空港股份,20160624,12.4827,
600463.SH,空港股份,20160627,12.812,
600463.SH,空港股份,20160628,13.1113,
600463.SH,空港股份,20160629,13.1512,
600463.SH,空港股份,20160630,13.0914,
600463.SH,空港股份,20160701,14.3985,
600463.SH,空港股份,20160704,14.5781,
600463.SH,空港股份,20160705,14.2788,
600463.SH,空港股份,20160706,14.159,
600463.SH,空港股份,20160707,14.0093,
600463.SH,空港股份,20160708,14.0792,
600463.SH,空港股份,20160711,13.9694,
600463.SH,空港股份,20160712,14.1391,
600463.SH,空港股份,20160713,14.2588,
600463.SH,空港股份,20160714,14.149,
600463.SH,空港股份,20160715,14.2089,
600463.SH,空港股份,20160718,14.2388,
600463.SH,空港股份,20160719,14.0991,
600463.SH,空港股份,20160720,14.1191,
600463.SH,空港股份,20160721,14.3087,
600463.SH,空港股份,20160722,14.1391,
600463.SH,空港股份,20160725,14.2089,
600463.SH,空港股份,20160726,14.4484,
600463.SH,空港股份,20160727,13.1911,
600463.SH,空港股份,20160728,13.1712,
600463.SH,空港股份,20160729,12.9816,
600463.SH,空港股份,20160801,12.7022,
600463.SH,空港股份,20160802,12.9217,
600463.SH,空港股份,20160803,13.1313,
600463.SH,空港股份,20160804,13.1911,
600463.SH,空港股份,20160805,13.2211,
600463.SH,空港股份,20160808,13.3707,
600463.SH,空港股份,20160809,13.4007,
600463.SH,空港股份,20160810,13.231,
600463.SH,空港股份,20160811,12.9417,
600463.SH,空港股份,20160812,13.4805,
600463.SH,空港股份,20160815,13.71,
600463.SH,空港股份,20160816,13.7599,
600463.SH,空港股份,20160817,13.9096,
600463.SH,空港股份,20160818,14.179,
600463.SH,空港股份,20160819,14.0692,
600463.SH,空港股份,20160822,14.4184,
600463.SH,空港股份,20160823,14.1291,
600463.SH,空港股份,20160824,14.3586,
600463.SH,空港股份,20160825,13.9096,
600463.SH,空港股份,20160826,13.9195,
600463.SH,空港股份,20160829,13.8696,
600463.SH,空港股份,20160830,14.0493,
600463.SH,空港股份,20160831,14.0493,
600463.SH,空港股份,20160901,13.7898,
600463.SH,空港股份,20160902,14.159,
600463.SH,空港股份,20160905,14.169,
600463.SH,空港股份,20160906,14.3087,
600463.SH,空港股份,20160907,14.2289,
600463.SH,空港股份,20160908,14.3985,
600463.SH,空港股份,20160909,14.3885,
600463.SH,空港股份,20160912,13.5304,
600463.SH,空港股份,20160913,13.6002,
600463.SH,空港股份,20160914,13.4805,
600463.SH,空港股份,20160919,13.7399,
600463.SH,空港股份,20160920,13.7499,
600463.SH,空港股份,20160921,14.2189,
600463.SH,空港股份,20160922,14.159,
600463.SH,空港股份,20160923,14.8575,
600463.SH,空港股份,20160926,14.7677,
600463.SH,空港股份,20160927,15.1269,
600463.SH,空港股份,20160928,14.7178,
600463.SH,空港股份,20160929,15.4861,
600463.SH,空港股份,20160930,15.1768,
600463.SH,空港股份,20161010,15.3265,
600463.SH,空港股份,20161011,15.2666,
600463.SH,空港股份,20161012,14.8375,
600463.SH,空港股份,20161013,14.9174,
600463.SH,空港股份,20161014,14.9174,
600463.SH,空港股份,20161017,14.7477,
600463.SH,空港股份,20161018,15.0171,
600463.SH,空港股份,20161019,15.1967,
600463.SH,空港股份,20161020,15.1568,
600463.SH,空港股份,20161021,14.8375,
600463.SH,空港股份,20161024,14.9074,
600463.SH,空港股份,20161025,15.2167,
600463.SH,空港股份,20161026,15.077,
600463.SH,空港股份,20161027,15.2566,
600463.SH,空港股份,20161028,14.7278,
600463.SH,空港股份,20161031,14.608,
600463.SH,空港股份,20161101,14.6978,
600463.SH,空港股份,20161102,15.1069,
600463.SH,空港股份,20161103,15.2067,
600463.SH,空港股份,20161104,15.1069,
600463.SH,空港股份,20161107,15.2965,
600463.SH,空港股份,20161108,15.4662,
600463.SH,空港股份,20161109,15.0171,
600463.SH,空港股份,20161110,16.2943,
600463.SH,空港股份,20161111,16.0549,
600463.SH,空港股份,20161114,16.1746,
600463.SH,空港股份,20161115,15.9551,
600463.SH,空港股份,20161116,16.464,
600463.SH,空港股份,20161117,15.9351,
600463.SH,空港股份,20161118,15.7755,
600463.SH,空港股份,20161121,15.9351,
600463.SH,空港股份,20161122,16.2943,
600463.SH,空港股份,20161123,15.8054,
600463.SH,空港股份,20161124,16.0848,
600463.SH,空港股份,20161125,16.9828,
600463.SH,空港股份,20161128,16.6336,
600463.SH,空港股份,20161129,16.6436,
600463.SH,空港股份,20161130,16.1846,
600463.SH,空港股份,20161201,16.0648,
600463.SH,空港股份,20161202,15.6957,
600463.SH,空港股份,20161205,15.6957,
600463.SH,空港股份,20161206,15.6957,
600463.SH,空港股份,20161207,15.8553,
600463.SH,空港股份,20161208,15.8653,
600463.SH,空港股份,20161209,15.6158,
600463.SH,空港股份,20161212,14.0792,
600463.SH,空港股份,20161213,14.2688,
600463.SH,空港股份,20161214,14.1391,
600463.SH,空港股份,20161215,14.5083,
600463.SH,空港股份,20161216,14.6779,
600463.SH,空港股份,20161219,14.7577,
600463.SH,空港股份,20161220,14.7178,
600463.SH,空港股份,20161221,14.8774,
600463.SH,空港股份,20161222,14.7477,
600463.SH,空港股份,20161223,14.7777,
600463.SH,空港股份,20161226,14.5881,
600463.SH,空港股份,20161227,14.6978,
600463.SH,空港股份,20161228,14.7876,
600463.SH,空港股份,20161229,14.7677,
600463.SH,空港股份,20161230,14.8974,
600463.SH,空港股份,20170103,15.2766,
600463.SH,空港股份,20170104,15.556,
600463.SH,空港股份,20170105,15.556,
600463.SH,空港股份,20170106,15.3364,
600463.SH,空港股份,20170109,15.5759,
600463.SH,空港股份,20170110,15.516,
600463.SH,空港股份,20170111,15.4462,
600463.SH,空港股份,20170112,15.1169,
600463.SH,空港股份,20170113,15.1568,
600463.SH,空港股份,20170116,14.3286,
600463.SH,空港股份,20170117,14.169,
600463.SH,空港股份,20170118,14.2588,
600463.SH,空港股份,20170119,14.0493,
600463.SH,空港股份,20170120,14.1989,
600463.SH,空港股份,20170123,14.3586,
600463.SH,空港股份,20170124,14.3586,
600463.SH,空港股份,20170125,14.5581,
600463.SH,空港股份,20170126,14.5083,
600463.SH,空港股份,20170203,14.3885,
600463.SH,空港股份,20170206,14.6779,
600463.SH,空港股份,20170207,14.7777,
600463.SH,空港股份,20170208,14.8575,
600463.SH,空港股份,20170209,14.9772,
600463.SH,空港股份,20170210,14.8176,
600463.SH,空港股份,20170213,14.9772,
600463.SH,空港股份,20170214,15.0171,
600463.SH,空港股份,20170215,14.7377,
600463.SH,空港股份,20170216,15.1069,
600463.SH,空港股份,20170217,14.8475,
600463.SH,空港股份,20170220,14.9074,
600463.SH,空港股份,20170221,15.2067,
600463.SH,空港股份,20170222,16.2245,
600463.SH,空港股份,20170223,15.6458,
600463.SH,空港股份,20170224,17.2123,
600463.SH,空港股份,20170227,16.903,
600463.SH,空港股份,20170228,16.3941,
600463.SH,空港股份,20170301,16.3243,
600463.SH,空港股份,20170302,15.9451,
600463.SH,空港股份,20170303,15.985,
600463.SH,空港股份,20170306,15.8753,
600463.SH,空港股份,20170307,15.985,
600463.SH,空港股份,20170308,15.8054,
600463.SH,空港股份,20170309,15.4761,
600463.SH,空港股份,20170310,15.516,
600463.SH,空港股份,20170313,15.6557,
600463.SH,空港股份,20170314,15.6857,
600463.SH,空港股份,20170315,16.0449,
600463.SH,空港股份,20170316,16.2943,
600463.SH,空港股份,20170317,15.7655,
600463.SH,空港股份,20170320,15.4462,
600463.SH,空港股份,20170321,15.4662,
600463.SH,空港股份,20170322,15.0571,
600463.SH,空港股份,20170323,15.0171,
600463.SH,空港股份,20170324,15.1868,
600463.SH,空港股份,20170327,14.9573,
600463.SH,空港股份,20170328,14.9473,
600463.SH,空港股份,20170329,15.0271,
600463.SH,空港股份,20170330,14.5382,
600463.SH,空港股份,20170331,14.5282,
600463.SH,空港股份,20170405,15.985,
600463.SH,空港股份,20170406,16.015,
600463.SH,空港股份,20170407,16.6136,
600463.SH,空港股份,20170410,17.2323,
600463.SH,空港股份,20170411,17.3919,
600463.SH,空港股份,20170412,16.0748,
600463.SH,空港股份,20170413,16.5937,
600463.SH,空港股份,20170414,17.1425,
600463.SH,空港股份,20170417,16.5837,
600463.SH,空港股份,20170418,17.0427,
600463.SH,空港股份,20170419,17.811,
600463.SH,空港股份,20170420,16.5238,
600463.SH,空港股份,20170421,15.2666,
600463.SH,空港股份,20170424,14.3686,
600463.SH,空港股份,20170425,14.5581,
600463.SH,空港股份,20170426,14.9573,
600463.SH,空港股份,20170427,14.7078,
600463.SH,空港股份,20170428,16.1746,
600463.SH,空港股份,20170502,17.0227,
600463.SH,空港股份,20170503,17.4618,
600463.SH,空港股份,20170504,17.2423,
600463.SH,空港股份,20170505,17.0926,
600463.SH,空港股份,20170508,18.0405,
600463.SH,空港股份,20170509,17.5915,
600463.SH,空港股份,20170510,18.8088,
600463.SH,空港股份,20170511,19.2678,
600463.SH,空港股份,20170512,19.0284,
600463.SH,空港股份,20170515,19.3077,
600463.SH,空港股份,20170516,20.1359,
600463.SH,空港股份,20170517,19.0982,
600463.SH,空港股份,20170518,18.28,
600463.SH,空港股份,20170519,18.6,
600463.SH,空港股份,20170522,20.46,
600463.SH,空港股份,20170523,19.76,
600463.SH,空港股份,20170524,19.18,
600463.SH,空港股份,20170525,21.1,
600463.SH,空港股份,20170526,20.29,
600463.SH,空港股份,20170531,19.77,
600463.SH,空港股份,20170601,18.05,
600463.SH,空港股份,20170602,18.34,
600463.SH,空港股份,20170605,18.38,
600463.SH,空港股份,20170606,17.73,
600463.SH,空港股份,20170607,18.59,
600463.SH,空港股份,20170608,18.31,
600463.SH,空港股份,20170609,18.33,
600463.SH,空港股份,20170612,17.71,
600463.SH,空港股份,20170613,17.9,
600463.SH,空港股份,20170614,17.43,
600463.SH,空港股份,20170615,17.48,
600463.SH,空港股份,20170616,17.93,
600463.SH,空港股份,20170619,17.76,
600463.SH,空港股份,20170620,18.22,
600463.SH,空港股份,20170621,18.34,
600463.SH,空港股份,20170622,17.61,
600463.SH,空港股份,20170623,17.61,
600463.SH,空港股份,20170626,17.7,
600463.SH,空港股份,20170627,17.58,
600463.SH,空港股份,20170628,16.72,
600463.SH,空港股份,20170629,16.67,
600463.SH,空港股份,20170630,16.21,
600463.SH,空港股份,20170703,16.47,
600463.SH,空港股份,20170704,16.86,
600463.SH,空港股份,20170705,16.92,
600463.SH,空港股份,20170706,16.59,
600463.SH,空港股份,20170707,16.46,
600463.SH,空港股份,20170710,16.5,
600463.SH,空港股份,20170711,16.25,
600463.SH,空港股份,20170712,15.88,
600463.SH,空港股份,20170713,16.91,
600463.SH,空港股份,20170714,16.25,
600463.SH,空港股份,20170717,14.82,
600463.SH,空港股份,20170718,15.18,
600463.SH,空港股份,20170719,15.19,
600463.SH,空港股份,20170720,15.18,
600463.SH,空港股份,20170721,15.23,
600463.SH,空港股份,20170724,15.15,
600463.SH,空港股份,20170725,15.28,
600463.SH,空港股份,20170726,15.11,
600463.SH,空港股份,20170727,15.21,
600463.SH,空港股份,20170728,15.21,
600463.SH,空港股份,20170731,15.23,
600463.SH,空港股份,20170801,15.47,
600463.SH,空港股份,20170802,15.93,
600463.SH,空港股份,20170803,15.85,
600463.SH,空港股份,20170804,15.43,
600463.SH,空港股份,20170807,15.4,
600463.SH,空港股份,20170808,15.5,
600463.SH,空港股份,20170809,15.48,
600463.SH,空港股份,20170810,15.16,
600463.SH,空港股份,20170811,15.16,
600463.SH,空港股份,20170814,15.55,
600463.SH,空港股份,20170815,15.47,
600463.SH,空港股份,20170816,15.51,
600463.SH,空港股份,20170817,15.74,
600463.SH,空港股份,20170818,15.84,
600463.SH,空港股份,20170821,15.88,
600463.SH,空港股份,20170822,16.07,
600463.SH,空港股份,20170823,15.65,
600463.SH,空港股份,20170824,15.59,
600463.SH,空港股份,20170825,15.68,
600463.SH,空港股份,20170828,15.91,
600463.SH,空港股份,20170829,15.99,
600463.SH,空港股份,20170830,15.96,
600463.SH,空港股份,20170831,16.05,
600463.SH,空港股份,20170901,15.9,
600463.SH,空港股份,20170904,15.86,
600463.SH,空港股份,20170905,15.76,
600463.SH,空港股份,20170906,15.73,
600463.SH,空港股份,20170907,15.85,
600463.SH,空港股份,20170908,15.71,
600463.SH,空港股份,20170911,15.4,
600463.SH,空港股份,20170912,15.23,
600463.SH,空港股份,20170913,15.39,
600463.SH,空港股份,20170914,15.28,
600463.SH,空港股份,20170915,15.37,
600463.SH,空港股份,20170918,15.24,
600463.SH,空港股份,20170919,15.36,
600463.SH,空港股份,20170920,15.3,
600463.SH,空港股份,20170921,15.3,
600463.SH,空港股份,20170922,15.04,
600463.SH,空港股份,20170925,14.83,
600463.SH,空港股份,20170926,14.84,
600463.SH,空港股份,20170927,14.9,
600463.SH,空港股份,20170928,14.89,
600463.SH,空港股份,20170929,14.95,
600463.SH,空港股份,20171009,15.25,
600463.SH,空港股份,20171010,15.26,
600463.SH,空港股份,20171011,15.21,
600463.SH,空港股份,20171012,14.93,
600463.SH,空港股份,20171013,15.08,
600463.SH,空港股份,20171016,14.68,
600463.SH,空港股份,20171017,14.8,
600463.SH,空港股份,20171018,14.55,
600463.SH,空港股份,20171019,14.17,
600463.SH,空港股份,20171020,14.62,
600463.SH,空港股份,20171023,14.88,
600463.SH,空港股份,20171024,14.6,
600463.SH,空港股份,20171025,14.75,
600463.SH,空港股份,20171026,14.62,
600463.SH,空港股份,20171027,14.29,
600463.SH,空港股份,20171030,14.17,
600463.SH,空港股份,20171031,14.24,
600463.SH,空港股份,20171101,14.16,
600463.SH,空港股份,20171102,14.08,
600463.SH,空港股份,20171103,13.95,
600463.SH,空港股份,20171106,13.89,
600463.SH,空港股份,20171107,14.04,
600463.SH,空港股份,20171108,14.05,
600463.SH,空港股份,20171109,14.11,
600463.SH,空港股份,20171110,14.09,
600463.SH,空港股份,20171113,14.05,
600463.SH,空港股份,20171114,13.86,
600463.SH,空港股份,20171115,14.07,
600463.SH,空港股份,20171116,14.18,
600463.SH,空港股份,20171117,13.71,
600463.SH,空港股份,20171120,13.29,
600463.SH,空港股份,20171121,13.18,
600463.SH,空港股份,20171122,13.01,
600463.SH,空港股份,20171123,12.61,
600463.SH,空港股份,20171124,12.49,
600463.SH,空港股份,20171127,12.32,
600463.SH,空港股份,20171128,12.37,
600463.SH,空港股份,20171129,12.33,
600463.SH,空港股份,20171130,12.53,
600463.SH,空港股份,20171201,12.47,
600463.SH,空港股份,20171204,11.94,
600463.SH,空港股份,20171205,11.03,
600463.SH,空港股份,20171206,11.03,
600463.SH,空港股份,20171207,10.92,
600463.SH,空港股份,20171208,10.98,
600463.SH,空港股份,20171211,11.13,
600463.SH,空港股份,20171212,11.5,
600463.SH,空港股份,20171213,11.78,
600463.SH,空港股份,20171214,11.69,
600463.SH,空港股份,20171215,11.71,
600463.SH,空港股份,20171218,11.51,
600463.SH,空港股份,20171219,11.62,
600463.SH,空港股份,20171220,11.54,
600463.SH,空港股份,20171221,11.32,
600463.SH,空港股份,20171222,11.16,
600463.SH,空港股份,20171225,10.99,
600463.SH,空港股份,20171226,11,
600463.SH,空港股份,20171227,11.03,
600463.SH,空港股份,20171228,10.98,
600463.SH,空港股份,20171229,11.15,
600463.SH,空港股份,20180102,11.31,
600463.SH,空港股份,20180103,12.17,
600463.SH,空港股份,20180104,11.8,
600463.SH,空港股份,20180105,11.92,
600463.SH,空港股份,20180108,11.89,
600463.SH,空港股份,20180109,11.84,
600463.SH,空港股份,20180110,11.61,
600463.SH,空港股份,20180111,11.62,
600463.SH,空港股份,20180112,12.02,
600463.SH,空港股份,20180115,11.58,
600463.SH,空港股份,20180116,12.74,
600463.SH,空港股份,20180117,14.01,
600463.SH,空港股份,20180118,13.58,
600463.SH,空港股份,20180119,13,
600463.SH,空港股份,20180122,12.56,
600463.SH,空港股份,20180123,12.59,
600463.SH,空港股份,20180124,12.61,
600463.SH,空港股份,20180125,12.92,
600463.SH,空港股份,20180126,12.59,
600463.SH,空港股份,20180129,12.11,
600463.SH,空港股份,20180130,12.27,
600463.SH,空港股份,20180131,11.84,
600463.SH,空港股份,20180201,11.15,
600463.SH,空港股份,20180202,10.9,
600463.SH,空港股份,20180205,10.94,
600463.SH,空港股份,20180206,10.06,
600463.SH,空港股份,20180207,9.94,
600463.SH,空港股份,20180208,10.06,
600463.SH,空港股份,20180209,9.91,
600463.SH,空港股份,20180212,10.09,
600463.SH,空港股份,20180213,10.09,
600463.SH,空港股份,20180214,10.1,
600463.SH,空港股份,20180222,10.35,
600463.SH,空港股份,20180223,10.55,
600463.SH,空港股份,20180226,10.74,
600463.SH,空港股份,20180227,10.71,
600463.SH,空港股份,20180228,10.75,
600463.SH,空港股份,20180301,10.76,
600463.SH,空港股份,20180302,10.6,
600463.SH,空港股份,20180305,10.58,
600463.SH,空港股份,20180306,10.85,
600463.SH,空港股份,20180307,10.73,
600463.SH,空港股份,20180308,11.09,
600463.SH,空港股份,20180309,11.09,
600463.SH,空港股份,20180312,11.16,
600463.SH,空港股份,20180313,11.34,
600463.SH,空港股份,20180314,10.7,
600463.SH,空港股份,20180315,10.26,
600463.SH,空港股份,20180316,10.27,
600463.SH,空港股份,20180319,10.37,
600463.SH,空港股份,20180320,10.33,
600463.SH,空港股份,20180321,10.59,
600463.SH,空港股份,20180322,10.8,
600463.SH,空港股份,20180323,10.16,
600463.SH,空港股份,20180326,10.29,
